0.000000 0.066763 0.000000 0.002359 0.066528 0.001678 NODE2_NODE18 0.002904 -0.002875 0.000000 0.067000 0.000000
0.000000 0.066763 0.000000 0.002583 0.064238 -0.002016 NODE2_NODE38 0.004137 -0.004095 0.000000 0.067000 0.000000
0.001592 0.022431 0.125680 0.000955 0.022412 0.125329 NODE8_NODE12 0.000728 -0.000720 0.003000 0.022000 0.125000
0.064656 -0.016625 0.142724 0.064314 -0.016307 0.142744 NODE10_NODE13 0.000467 -0.000462 0.067000 -0.017000 0.140000
-0.025579 -0.016629 0.059618 -0.025790 -0.014666 0.061577 NODE11_NODE16 0.002781 -0.002754 -0.026000 -0.016000 0.060000
0.078222 0.033011 -0.027705 0.080118 0.032137 -0.028684 NODE19_NODE27 0.002306 -0.002283 0.076000 0.036000 -0.032000
0.088955 -0.004428 -0.010314 0.091199 -0.004301 -0.011186 NODE20_NODE39 0.002411 -0.002387 0.088000 -0.002000 -0.015000
0.088955 -0.004428 -0.010314 0.092471 -0.005575 -0.008293 NODE20_NODE57 0.004215 -0.004173 0.088000 -0.002000 -0.015000
0.123600 0.029983 -0.023879 0.124110 0.030035 -0.023817 NODE21_NODE25 0.000516 -0.000511 0.121000 0.034000 -0.029000
0.123600 0.029983 -0.023879 0.125102 0.031093 -0.023217 NODE21_NODE28 0.001981 -0.001961 0.121000 0.034000 -0.029000
0.151244 0.051699 0.024964 0.150301 0.054468 0.026514 NODE24_NODE31 0.003309 -0.003276 0.149000 0.055000 0.019000
0.151244 0.051699 0.024964 0.153587 0.049861 0.029841 NODE24_NODE59 0.005715 -0.005657 0.149000 0.055000 0.019000
0.128881 0.000140 0.008214 0.129829 -0.003019 0.010574 NODE29_NODE58 0.004056 -0.004015 0.126000 0.002000 0.001000
0.128881 0.000140 0.008214 0.123088 -0.009088 0.006626 NODE29_NODE78 0.011011 -0.010901 0.126000 0.002000 0.001000
0.077776 -0.212365 -0.023513 0.077894 -0.212270 -0.023491 NODE43_NODE46 0.000153 -0.000152 0.074000 -0.210000 -0.031000
0.034337 -0.225238 -0.006866 0.034289 -0.225710 -0.007441 NODE44_NODE48 0.000746 -0.000738 0.032000 -0.224000 -0.012000
0.057753 -0.127451 0.016106 0.057543 -0.127003 0.016056 NODE50_NODE54 0.000498 -0.000493 0.056000 -0.126000 0.010000
0.125503 0.110715 0.024560 0.124235 0.106172 0.023559 NODE60_NODE67 0.004822 -0.004774 0.119000 0.115000 0.016000
0.125503 0.110715 0.024560 0.123569 0.102273 0.015359 NODE60_NODE116 0.012636 -0.012510 0.119000 0.115000 0.016000
0.125503 0.110715 0.024560 0.123877 0.101983 0.016169 NODE60_NODE121 0.012219 -0.012097 0.119000 0.115000 0.016000
0.006031 0.114120 0.055316 0.022185 0.117366 0.042541 NODE62_NODE175 0.020849 -0.020641 0.001000 0.113000 0.055000
0.019088 0.148428 0.056416 0.021863 0.146490 0.056658 NODE63_NODE119 0.003393 -0.003359 0.012000 0.148000 0.056000
0.044802 0.150843 0.093359 0.045902 0.149528 0.095565 NODE64_NODE69 0.002794 -0.002766 0.040000 0.152000 0.091000
0.044802 0.150843 0.093359 0.050431 0.147950 0.091475 NODE64_NODE117 0.006604 -0.006537 0.040000 0.152000 0.091000
-0.004283 0.129138 0.098032 0.000980 0.127923 0.098945 NODE65_NODE118 0.005478 -0.005423 -0.008000 0.127000 0.098000
0.073228 0.098776 0.145516 0.075369 0.097547 0.145769 NODE66_NODE70 0.002482 -0.002457 0.074000 0.102000 0.140000
0.073228 0.098776 0.145516 0.075191 0.097581 0.145654 NODE66_NODE72 0.002303 -0.002280 0.074000 0.102000 0.140000
0.074705 0.127326 0.049119 0.076389 0.124700 0.044149 NODE68_NODE120 0.005868 -0.005810 0.069000 0.133000 0.044000
-0.025339 0.056738 0.085424 -0.011738 0.064612 0.074181 NODE74_NODE174 0.019322 -0.019129 -0.024000 0.054000 0.083000
-0.025339 0.056738 0.085424 -0.011616 0.064809 0.074211 NODE74_NODE177 0.019472 -0.019277 -0.024000 0.054000 0.083000
-0.033282 0.038753 0.044783 -0.022907 0.045330 0.035078 NODE75_NODE176 0.015655 -0.015498 -0.031000 0.036000 0.042000
-0.003708 0.000378 0.003684 0.001008 0.001783 -0.005121 NODE76_NODE172 0.010087 -0.009986 -0.000000 -0.000000 0.000000
0.104314 -0.054969 -0.005999 0.100389 -0.057034 -0.010862 NODE77_NODE110 0.006582 -0.006516 0.112000 -0.046000 -0.012000
0.160926 -0.053355 0.014602 0.158283 -0.054673 0.007217 NODE79_NODE111 0.007954 -0.007875 0.169000 -0.038000 0.009000
0.160926 -0.053355 0.014602 0.158280 -0.054659 0.007297 NODE79_NODE113 0.007878 -0.007800 0.169000 -0.038000 0.009000
0.180237 -0.079601 0.055781 0.179019 -0.081615 0.048613 NODE80_NODE104 0.007545 -0.007469 0.192000 -0.062000 0.050000
0.180237 -0.079601 0.055781 0.179232 -0.081133 0.048102 NODE80_NODE107 0.007894 -0.007815 0.192000 -0.062000 0.050000
0.170741 -0.013240 0.051819 0.169593 -0.014127 0.044152 NODE81_NODE114 0.007803 -0.007725 0.175000 0.003000 0.046000
0.154477 -0.012184 0.113563 0.156578 -0.013310 0.107184 NODE82_NODE106 0.006810 -0.006742 0.159000 0.003000 0.108000
0.154477 -0.012184 0.113563 0.152168 -0.011314 0.110292 NODE82_NODE127 0.004097 -0.004056 0.159000 0.003000 0.108000
0.154477 -0.012184 0.113563 0.153332 -0.012998 0.108759 NODE82_NODE134 0.005006 -0.004956 0.159000 0.003000 0.108000
0.181439 -0.017577 0.151284 0.179368 -0.014814 0.147510 NODE83_NODE124 0.005115 -0.005064 0.187000 0.001000 0.145000
0.122700 0.015829 0.134093 0.122914 0.015528 0.133775 NODE84_NODE87 0.000487 -0.000482 0.125000 0.027000 0.127000
0.122700 0.015829 0.134093 0.122451 0.015898 0.127678 NODE84_NODE133 0.006420 -0.006356 0.125000 0.027000 0.127000
0.118238 0.046146 0.156076 0.116598 0.048772 0.149522 NODE85_NODE125 0.007248 -0.007176 0.117000 0.057000 0.149000
0.060453 -0.022703 0.146034 0.058366 -0.019401 0.142189 NODE86_NODE130 0.005481 -0.005426 0.067000 -0.017000 0.140000
0.115853 -0.077481 0.127114 0.114446 -0.076063 0.125201 NODE88_NODE128 0.002766 -0.002738 0.129000 -0.066000 0.120000
0.115853 -0.077481 0.127114 0.114727 -0.077219 0.123781 NODE88_NODE139 0.003528 -0.003493 0.129000 -0.066000 0.120000
0.156116 -0.091369 0.106065 0.158440 -0.092420 0.099374 NODE89_NODE105 0.007160 -0.007089 0.171000 -0.075000 0.099000
0.156116 -0.091369 0.106065 0.154791 -0.092258 0.102540 NODE89_NODE135 0.003869 -0.003830 0.171000 -0.075000 0.099000
0.128796 -0.140300 0.046961 0.128674 -0.141727 0.041285 NODE90_NODE103 0.005854 -0.005795 0.149000 -0.127000 0.040000
0.128796 -0.140300 0.046961 0.126999 -0.142296 0.045197 NODE90_NODE143 0.003213 -0.003181 0.149000 -0.127000 0.040000
0.128796 -0.140300 0.046961 0.126750 -0.142393 0.045014 NODE90_NODE145 0.003515 -0.003479 0.149000 -0.127000 0.040000
0.113576 -0.154716 0.106762 0.111359 -0.154869 0.105495 NODE91_NODE141 0.002558 -0.002532 0.135000 -0.143000 0.100000
0.113576 -0.154716 0.106762 0.113242 -0.155859 0.103467 NODE91_NODE164 0.003503 -0.003468 0.135000 -0.143000 0.100000
0.079011 -0.128123 0.122154 0.077081 -0.127858 0.120540 NODE92_NODE137 0.002529 -0.002504 0.098000 -0.121000 0.116000
0.079011 -0.128123 0.122154 0.080889 -0.126435 0.118512 NODE92_NODE163 0.004432 -0.004387 0.098000 -0.121000 0.116000
0.030158 -0.150381 0.066856 0.030439 -0.150735 0.067230 NODE93_NODE96 0.000587 -0.000581 0.051000 -0.147000 0.062000
0.030158 -0.150381 0.066856 0.025870 -0.147889 0.065118 NODE93_NODE149 0.005255 -0.005203 0.051000 -0.147000 0.062000
0.030158 -0.150381 0.066856 0.028708 -0.147391 0.066238 NODE93_NODE161 0.003379 -0.003345 0.051000 -0.147000 0.062000
0.054932 -0.167641 0.030714 0.050096 -0.166620 0.029492 NODE94_NODE151 0.005091 -0.005040 0.077000 -0.161000 0.025000
0.054932 -0.167641 0.030714 0.051453 -0.166643 0.028963 NODE94_NODE155 0.004021 -0.003981 0.077000 -0.161000 0.025000
0.026333 -0.141100 0.039637 0.024598 -0.138526 0.037519 NODE95_NODE159 0.003758 -0.003720 0.045000 -0.138000 0.034000
0.057588 -0.088621 0.077069 0.057504 -0.088786 0.075786 NODE97_NODE101 0.001296 -0.001283 0.071000 -0.083000 0.073000
0.057588 -0.088621 0.077069 0.055301 -0.087935 0.075812 NODE97_NODE138 0.002698 -0.002671 0.071000 -0.083000 0.073000
0.054015 -0.087177 0.033379 0.053760 -0.085388 0.031702 NODE98_NODE148 0.002465 -0.002440 0.067000 -0.081000 0.029000
0.054015 -0.087177 0.033379 0.056513 -0.086196 0.030421 NODE98_NODE160 0.003994 -0.003954 0.067000 -0.081000 0.029000
0.054015 -0.087177 0.033379 0.054544 -0.087101 0.028774 NODE98_NODE171 0.004636 -0.004590 0.067000 -0.081000 0.029000
-0.032057 -0.011929 0.063117 -0.026120 -0.005318 0.055751 NODE99_NODE173 0.011542 -0.011426 -0.026000 -0.016000 0.060000
0.001940 -0.036962 0.085606 -0.000495 -0.034386 0.085102 NODE100_NODE131 0.003581 -0.003545 0.010000 -0.038000 0.082000
0.112063 -0.120821 0.099798 0.108258 -0.119835 0.102657 NODE102_NODE136 0.004861 -0.004812 0.128000 -0.109000 0.098000
0.112063 -0.120821 0.099798 0.108436 -0.119780 0.102780 NODE102_NODE140 0.004810 -0.004761 0.128000 -0.109000 0.098000
0.134971 -0.114352 0.016926 0.135147 -0.113723 0.016650 NODE108_NODE112 0.000710 -0.000703 0.152000 -0.099000 0.017000
0.134971 -0.114352 0.016926 0.133924 -0.115442 0.021366 NODE108_NODE144 0.004690 -0.004643 0.152000 -0.099000 0.017000
0.075339 -0.095673 0.005120 0.076385 -0.095112 0.006989 NODE109_NODE147 0.002214 -0.002192 0.091000 -0.087000 0.004000
0.209060 -0.007317 0.056292 0.206874 -0.007462 0.061058 NODE115_NODE123 0.005245 -0.005193 0.213000 0.014000 0.059000
0.209060 -0.007317 0.056292 0.206938 -0.007806 0.061735 NODE115_NODE126 0.005862 -0.005804 0.213000 0.014000 0.059000
0.064292 -0.039737 0.116985 0.064296 -0.040230 0.116289 NODE129_NODE132 0.000852 -0.000844 0.075000 -0.036000 0.114000
0.067810 -0.188385 0.053357 0.065406 -0.187976 0.052504 NODE142_NODE150 0.002583 -0.002557 0.096000 -0.180000 0.047000
0.067810 -0.188385 0.053357 0.065987 -0.188543 0.053732 NODE142_NODE166 0.001868 -0.001850 0.096000 -0.180000 0.047000
0.070583 -0.160254 -0.001094 0.070787 -0.161377 -0.001034 NODE146_NODE154 0.001143 -0.001131 0.095000 -0.152000 -0.005000
0.070583 -0.160254 -0.001094 0.068172 -0.163930 -0.000349 NODE146_NODE167 0.004459 -0.004414 0.095000 -0.152000 -0.005000
0.070583 -0.160254 -0.001094 0.068170 -0.163939 -0.000348 NODE146_NODE169 0.004467 -0.004422 0.095000 -0.152000 -0.005000
0.039762 -0.156726 0.012279 0.040624 -0.157304 0.012152 NODE152_NODE157 0.001045 -0.001035 0.065000 -0.153000 0.008000
0.039762 -0.156726 0.012279 0.038814 -0.158405 0.013065 NODE152_NODE168 0.002082 -0.002061 0.065000 -0.153000 0.008000
0.077695 -0.160873 0.111075 0.077146 -0.160777 0.111234 NODE162_NODE165 0.000579 -0.000573 0.101000 -0.155000 0.107000