0.000000 0.066763 0.000000 -0.001243 0.067162 0.000140 NODE2_NODE18 0.001313 -0.001300 0.000000 0.067000 0.000000
0.000000 0.066763 0.000000 -0.002135 0.066813 0.001295 NODE2_NODE38 0.002498 -0.002473 0.000000 0.067000 0.000000
0.003591 0.022357 0.124872 0.003567 0.022313 0.124802 NODE8_NODE12 0.000086 -0.000085 0.003000 0.022000 0.125000
0.067551 -0.016441 0.138868 0.067666 -0.016560 0.138843 NODE10_NODE13 0.000168 -0.000166 0.067000 -0.017000 0.140000
-0.026334 -0.015652 0.059912 -0.026563 -0.015244 0.060529 NODE11_NODE16 0.000774 -0.000766 -0.026000 -0.016000 0.060000
0.074042 0.036666 -0.033685 0.073739 0.036772 -0.033859 NODE19_NODE27 0.000365 -0.000361 0.076000 0.036000 -0.032000
0.086584 -0.000847 -0.017722 0.086095 -0.000642 -0.016019 NODE20_NODE39 0.001784 -0.001766 0.088000 -0.002000 -0.015000
0.086584 -0.000847 -0.017722 0.088122 -0.000111 -0.015697 NODE20_NODE57 0.002647 -0.002620 0.088000 -0.002000 -0.015000
0.119246 0.035108 -0.032172 0.119293 0.035213 -0.032179 NODE21_NODE25 0.000116 -0.000115 0.121000 0.034000 -0.029000
0.119246 0.035108 -0.032172 0.119008 0.035211 -0.032196 NODE21_NODE28 0.000261 -0.000258 0.121000 0.034000 -0.029000
0.148648 0.056737 0.015362 0.148142 0.057020 0.015256 NODE24_NODE31 0.000589 -0.000584 0.149000 0.055000 0.019000
0.148648 0.056737 0.015362 0.150328 0.057088 0.017556 NODE24_NODE59 0.002785 -0.002757 0.149000 0.055000 0.019000
0.125329 0.003225 -0.002243 0.126968 0.003556 -0.000348 NODE29_NODE58 0.002527 -0.002501 0.126000 0.002000 0.001000
0.125329 0.003225 -0.002243 0.124713 0.003240 -0.001756 NODE29_NODE78 0.000786 -0.000778 0.126000 0.002000 0.001000
0.075114 -0.208489 -0.030502 0.074895 -0.208681 -0.030540 NODE43_NODE46 0.000293 -0.000291 0.074000 -0.210000 -0.031000
0.033434 -0.223024 -0.010977 0.033315 -0.222879 -0.010662 NODE44_NODE48 0.000367 -0.000363 0.032000 -0.224000 -0.012000
0.057785 -0.124494 0.010367 0.057699 -0.124409 0.010340 NODE50_NODE54 0.000125 -0.000123 0.056000 -0.126000 0.010000
0.119880 0.117012 0.016137 0.119043 0.117147 0.015880 NODE60_NODE67 0.000886 -0.000877 0.119000 0.115000 0.016000
0.119880 0.117012 0.016137 0.120751 0.118147 0.021329 NODE60_NODE116 0.005386 -0.005332 0.119000 0.115000 0.016000
0.119880 0.117012 0.016137 0.120412 0.118309 0.020689 NODE60_NODE121 0.004764 -0.004716 0.119000 0.115000 0.016000
0.003274 0.115450 0.057459 0.009839 0.120666 0.065607 NODE62_NODE175 0.011692 -0.011575 0.001000 0.113000 0.055000
0.014447 0.150409 0.058780 0.015894 0.152036 0.065042 NODE63_NODE119 0.006629 -0.006563 0.012000 0.148000 0.056000
0.042904 0.153456 0.093604 0.042258 0.153816 0.093268 NODE64_NODE69 0.000812 -0.000804 0.040000 0.152000 0.091000
0.042904 0.153456 0.093604 0.044575 0.153379 0.099975 NODE64_NODE117 0.006587 -0.006521 0.040000 0.152000 0.091000
-0.004436 0.128762 0.100767 -0.003312 0.129490 0.106173 NODE65_NODE118 0.005570 -0.005514 -0.008000 0.127000 0.098000
0.078502 0.102687 0.141088 0.077698 0.103165 0.140905 NODE66_NODE70 0.000952 -0.000943 0.074000 0.102000 0.140000
0.078502 0.102687 0.141088 0.077836 0.103145 0.140985 NODE66_NODE72 0.000815 -0.000806 0.074000 0.102000 0.140000
0.069934 0.134479 0.044895 0.071734 0.135407 0.050559 NODE68_NODE120 0.006015 -0.005955 0.069000 0.133000 0.044000
-0.022730 0.057419 0.084668 -0.017070 0.061181 0.091537 NODE74_NODE174 0.009663 -0.009566 -0.024000 0.054000 0.083000
-0.022730 0.057419 0.084668 -0.017088 0.061113 0.091762 NODE74_NODE177 0.009788 -0.009690 -0.024000 0.054000 0.083000
-0.031514 0.039728 0.044071 -0.027442 0.045386 0.050728 NODE75_NODE176 0.009640 -0.009543 -0.031000 0.036000 0.042000
-0.001681 0.004078 0.000766 -0.000181 0.010244 0.005020 NODE76_NODE172 0.007640 -0.007564 -0.000000 -0.000000 0.000000
0.109219 -0.043806 -0.014546 0.110196 -0.041630 -0.015063 NODE77_NODE110 0.002440 -0.002416 0.112000 -0.046000 -0.012000
0.166688 -0.037486 0.004111 0.167567 -0.035683 0.003843 NODE79_NODE111 0.002024 -0.002004 0.169000 -0.038000 0.009000
0.166688 -0.037486 0.004111 0.167550 -0.035653 0.004111 NODE79_NODE113 0.002026 -0.002006 0.169000 -0.038000 0.009000
0.189796 -0.062339 0.044182 0.190908 -0.061297 0.042614 NODE80_NODE104 0.002186 -0.002164 0.192000 -0.062000 0.050000
0.189796 -0.062339 0.044182 0.190844 -0.061366 0.042778 NODE80_NODE107 0.002004 -0.001984 0.192000 -0.062000 0.050000
0.174471 0.003014 0.042252 0.175070 0.003506 0.043343 NODE81_NODE114 0.001338 -0.001325 0.175000 0.003000 0.046000
0.160589 0.001291 0.104561 0.160914 0.000363 0.105209 NODE82_NODE106 0.001178 -0.001166 0.159000 0.003000 0.108000
0.160589 0.001291 0.104561 0.160299 0.001853 0.106003 NODE82_NODE127 0.001575 -0.001559 0.159000 0.003000 0.108000
0.160589 0.001291 0.104561 0.161108 0.001224 0.106319 NODE82_NODE134 0.001835 -0.001816 0.159000 0.003000 0.108000
0.188993 -0.002547 0.141403 0.189203 -0.003648 0.142581 NODE83_NODE124 0.001626 -0.001610 0.187000 0.001000 0.145000
0.127261 0.025474 0.125105 0.127150 0.025693 0.125317 NODE84_NODE87 0.000324 -0.000321 0.125000 0.027000 0.127000
0.127261 0.025474 0.125105 0.128425 0.025554 0.128376 NODE84_NODE133 0.003473 -0.003438 0.125000 0.027000 0.127000
0.120936 0.054889 0.147844 0.121279 0.053711 0.151721 NODE85_NODE125 0.004067 -0.004026 0.117000 0.057000 0.149000
0.068383 -0.018001 0.137582 0.069137 -0.017427 0.140298 NODE86_NODE130 0.002877 -0.002848 0.067000 -0.017000 0.140000
0.129741 -0.067302 0.115819 0.128984 -0.067083 0.116255 NODE88_NODE128 0.000900 -0.000891 0.129000 -0.066000 0.120000
0.129741 -0.067302 0.115819 0.128381 -0.067479 0.116664 NODE88_NODE139 0.001611 -0.001595 0.129000 -0.066000 0.120000
0.170856 -0.076313 0.093788 0.171206 -0.077421 0.092301 NODE89_NODE105 0.001887 -0.001868 0.171000 -0.075000 0.099000
0.170856 -0.076313 0.093788 0.168737 -0.076888 0.093549 NODE89_NODE135 0.002209 -0.002187 0.171000 -0.075000 0.099000
0.147357 -0.126035 0.033709 0.147022 -0.125788 0.031805 NODE90_NODE103 0.001950 -0.001930 0.149000 -0.127000 0.040000
0.147357 -0.126035 0.033709 0.143086 -0.124724 0.033236 NODE90_NODE143 0.004493 -0.004448 0.149000 -0.127000 0.040000
0.147357 -0.126035 0.033709 0.143157 -0.124694 0.033288 NODE90_NODE145 0.004430 -0.004386 0.149000 -0.127000 0.040000
0.134935 -0.143578 0.093320 0.130885 -0.143550 0.092342 NODE91_NODE141 0.004167 -0.004125 0.135000 -0.143000 0.100000
0.134935 -0.143578 0.093320 0.131934 -0.145274 0.090807 NODE91_NODE164 0.004266 -0.004223 0.135000 -0.143000 0.100000
0.098267 -0.121306 0.110589 0.095055 -0.120223 0.110727 NODE92_NODE137 0.003392 -0.003358 0.098000 -0.121000 0.116000
0.098267 -0.121306 0.110589 0.096702 -0.121960 0.109623 NODE92_NODE163 0.001952 -0.001932 0.098000 -0.121000 0.116000
0.049505 -0.146043 0.056272 0.049549 -0.146061 0.056186 NODE93_NODE96 0.000098 -0.000097 0.051000 -0.147000 0.062000
0.049505 -0.146043 0.056272 0.044652 -0.141821 0.057278 NODE93_NODE149 0.006511 -0.006446 0.051000 -0.147000 0.062000
0.049505 -0.146043 0.056272 0.045560 -0.142515 0.055810 NODE93_NODE161 0.005313 -0.005260 0.051000 -0.147000 0.062000
0.074997 -0.159229 0.018934 0.068925 -0.155247 0.019099 NODE94_NODE151 0.007263 -0.007191 0.077000 -0.161000 0.025000
0.074997 -0.159229 0.018934 0.068902 -0.155589 0.018846 NODE94_NODE155 0.007100 -0.007029 0.077000 -0.161000 0.025000
0.044008 -0.135987 0.029004 0.039891 -0.131341 0.029247 NODE95_NODE159 0.006212 -0.006150 0.045000 -0.138000 0.034000
0.070686 -0.082131 0.068763 0.070970 -0.082365 0.068278 NODE97_NODE101 0.000609 -0.000603 0.071000 -0.083000 0.073000
0.070686 -0.082131 0.068763 0.068000 -0.079131 0.070128 NODE97_NODE138 0.004251 -0.004209 0.071000 -0.083000 0.073000
0.066564 -0.078453 0.025254 0.063802 -0.074479 0.027292 NODE98_NODE148 0.005251 -0.005198 0.067000 -0.081000 0.029000
0.066564 -0.078453 0.025254 0.064982 -0.075046 0.026287 NODE98_NODE160 0.003895 -0.003856 0.067000 -0.081000 0.029000
0.066564 -0.078453 0.025254 0.064206 -0.075345 0.026099 NODE98_NODE171 0.003992 -0.003952 0.067000 -0.081000 0.029000
-0.025838 -0.013844 0.060505 -0.024314 -0.007249 0.065049 NODE99_NODE173 0.008153 -0.008071 -0.026000 -0.016000 0.060000
0.010702 -0.036838 0.081105 0.009540 -0.032595 0.084028 NODE100_NODE131 0.005282 -0.005229 0.010000 -0.038000 0.082000
0.128423 -0.109766 0.091253 0.124753 -0.108355 0.092470 NODE102_NODE136 0.004116 -0.004075 0.128000 -0.109000 0.098000
0.128423 -0.109766 0.091253 0.124939 -0.108741 0.092629 NODE102_NODE140 0.003884 -0.003845 0.128000 -0.109000 0.098000
0.149703 -0.096658 0.009666 0.149538 -0.096931 0.009734 NODE108_NODE112 0.000326 -0.000323 0.152000 -0.099000 0.017000
0.149703 -0.096658 0.009666 0.146556 -0.095515 0.011515 NODE108_NODE144 0.003824 -0.003786 0.152000 -0.099000 0.017000
0.088564 -0.083131 -0.001436 0.085970 -0.080126 0.000951 NODE109_NODE147 0.004632 -0.004585 0.091000 -0.087000 0.004000
0.213857 0.012706 0.056081 0.213171 0.013042 0.056375 NODE115_NODE123 0.000819 -0.000811 0.213000 0.014000 0.059000
0.213857 0.012706 0.056081 0.212438 0.013898 0.055940 NODE115_NODE126 0.001858 -0.001839 0.213000 0.014000 0.059000
0.075588 -0.034815 0.113095 0.075463 -0.034684 0.113261 NODE129_NODE132 0.000246 -0.000243 0.075000 -0.036000 0.114000
0.088081 -0.176064 0.038966 0.087602 -0.176201 0.039886 NODE142_NODE150 0.001046 -0.001036 0.096000 -0.180000 0.047000
0.088081 -0.176064 0.038966 0.087452 -0.176942 0.037977 NODE142_NODE166 0.001465 -0.001450 0.096000 -0.180000 0.047000
0.086571 -0.144866 -0.011331 0.086414 -0.145434 -0.011013 NODE146_NODE154 0.000669 -0.000662 0.095000 -0.152000 -0.005000
0.086571 -0.144866 -0.011331 0.085588 -0.145952 -0.012733 NODE146_NODE167 0.002027 -0.002007 0.095000 -0.152000 -0.005000
0.086571 -0.144866 -0.011331 0.085590 -0.145821 -0.012732 NODE146_NODE169 0.001958 -0.001938 0.095000 -0.152000 -0.005000
0.056727 -0.145416 0.003112 0.056828 -0.145210 0.002744 NODE152_NODE157 0.000434 -0.000430 0.065000 -0.153000 0.008000
0.056727 -0.145416 0.003112 0.056282 -0.145686 0.001874 NODE152_NODE168 0.001343 -0.001330 0.065000 -0.153000 0.008000
0.096820 -0.155442 0.098203 0.096810 -0.155149 0.098306 NODE162_NODE165 0.000311 -0.000307 0.101000 -0.155000 0.107000