-1.844200000000000006e-02
-1.020700000000000079e-02
-1.888899999999999954e-02
-1.444699999999999977e-02
-1.549999999999999989e-02
-1.440800000000000067e-02
-1.358400000000000059e-02
-1.404299999999999993e-02
-1.214100000000000075e-02
-1.104899999999999979e-02
-1.172300000000000078e-02
-1.397100000000000078e-02
-1.446300000000000016e-02
-1.155400000000000003e-02
-1.223899999999999988e-02
-1.138899999999999982e-02
-1.508400000000000019e-02
-1.160899999999999953e-02
-1.821499999999999855e-02
-7.595000000000000188e-03
-2.319900000000000087e-02
-1.041000000000000042e-03
-1.918800000000000019e-02
-1.858000000000000059e-03
-2.440200000000000008e-02
-2.566000000000000138e-03
-2.272599999999999967e-02
-2.239500000000000171e-02
-4.340000000000000108e-03
-1.444999999999999930e-02
-1.667199999999999932e-02
-2.782999999999999884e-03
-2.895000000000000004e-03
-4.412000000000000123e-03
-1.518800000000000011e-02
-5.186999999999999771e-03
-1.233000000000000068e-02
-1.822100000000000108e-02
-1.564799999999999872e-02
-2.423399999999999860e-02
-2.456799999999999956e-02
-1.687900000000000164e-02
-1.548399999999999950e-02
-1.605900000000000036e-02
-1.572300000000000086e-02
-1.871999999999999966e-03
-4.363999999999999824e-03
-5.251999999999999724e-03
-7.583000000000000330e-03
-4.093000000000000284e-03
-9.808000000000000745e-03
-1.565599999999999978e-02
-1.565499999999999878e-02
-2.720999999999999894e-03
-4.673000000000000070e-03
-3.847000000000000159e-03
-1.871999999999999966e-03
-1.020199999999999926e-02
-4.936000000000000283e-03
-7.694999999999999583e-03
-2.664999999999999834e-03
-9.627999999999999406e-03
-5.538000000000000388e-03
-4.723999999999999901e-03
-5.617999999999999730e-03
-1.298700000000000028e-02
-1.105100000000000006e-02
