-1.540346909314393997e-02
3.574460372328758240e-02
-2.862052619457244873e-02
2.101188711822032928e-02
-1.577883772552013397e-02
2.484483644366264343e-02
1.115034800022840500e-02
6.255668122321367264e-03
-6.569726765155792236e-02
7.959831506013870239e-03
-5.275514908134937286e-03
3.685507923364639282e-02
-9.103693999350070953e-03
1.853141374886035919e-02
6.444847583770751953e-02
-7.366238534450531006e-02
-1.558893267065286636e-02
-2.686980878934264183e-03
-1.339361723512411118e-02
8.835922926664352417e-03
1.331053674221038818e-02
2.136746235191822052e-02
-4.808568861335515976e-03
4.652596637606620789e-02
-4.882957786321640015e-03
-1.958625577390193939e-02
1.013554725795984268e-02
-2.217671088874340057e-02
-1.513671502470970154e-02
1.682227291166782379e-02
-3.449056763201951981e-03
1.187665015459060669e-02
-2.044859138550236821e-04
1.065757311880588531e-02
1.916217734105885029e-03
6.113691255450248718e-03
-1.063888892531394958e-02
2.462214604020118713e-02
1.159778446890413761e-03
-5.594259127974510193e-03
1.779544353485107422e-02
2.923084236681461334e-02
-3.109443187713623047e-02
7.579884678125381470e-02
-8.067589998245239258e-02
2.908854931592941284e-02
1.454696618020534515e-02
-1.583775854669511318e-03
3.887989325448870659e-03
2.236273512244224548e-02
4.426931962370872498e-03
-1.717702252790331841e-04
-4.930923692882061005e-03
8.302894420921802521e-03
2.177966386079788208e-02
-6.627731490880250931e-04
4.025366902351379395e-02
1.042751781642436981e-02
2.477836422622203827e-02
1.102166157215833664e-02
2.167222276329994202e-02
-3.428261727094650269e-03
4.421477671712636948e-03
8.872609585523605347e-03
9.142623282968997955e-03
7.670134771615266800e-03
2.916575176641345024e-03
