0.0980 0.1414 0.0370 0.0980 0.1131 0.0704
0.0980 0.1131 0.0704 0.1225 0.0990 0.0310
0.1225 0.0990 0.0310 0.0980 0.0566 0.0160
0.0980 0.0566 0.0160 0.0735 0.0707 0.0554
0.0735 0.0707 0.0554 0.0490 0.0283 0.0464
0.0490 0.0283 0.0464 0.0735 0.0141 0.0070
0.0735 0.0141 0.0070 0.0735 -0.0141 0.0494
0.0735 -0.0141 0.0494 0.1225 -0.0141 0.0614
0.1225 -0.0141 0.0614 0.1225 0.0141 0.0190
0.1225 0.0141 0.0190 0.1715 0.0141 0.0370
0.1715 0.0141 0.0370 0.1470 0.0566 0.0310
0.1470 0.0566 0.0310 0.1225 0.0141 0.0190
0.1225 0.0141 0.0190 0.1470 -0.0283 0.0280
0.1470 -0.0283 0.0280 0.1225 -0.0707 0.0250
0.1225 -0.0707 0.0250 0.0980 -0.0566 0.0584
0.0980 -0.0566 0.0584 0.1225 -0.0141 0.0614
0.1225 -0.0141 0.0614 0.1470 -0.0566 0.0734
0.1470 -0.0566 0.0734 0.1225 -0.0990 0.0734
0.1470 -0.0566 0.0734 0.1715 -0.0141 0.0794
0.1715 -0.0141 0.0794 0.1715 0.0141 0.0370
0.1715 0.0141 0.0370 0.1470 -0.0283 0.0280
0.1470 -0.0283 0.0280 0.1225 -0.0141 0.0614
0.1225 -0.0141 0.0614 0.1470 0.0283 0.0704
0.1470 0.0283 0.0704 0.1715 -0.0141 0.0794
0.1715 -0.0141 0.0794 0.1225 -0.0141 0.0614
0.1225 -0.0141 0.0614 0.0980 0.0283 0.0554
0.0980 0.0283 0.0554 0.1225 0.0141 0.0190
0.1225 0.0141 0.0190 0.0980 -0.0283 0.0130
0.0980 -0.0283 0.0130 0.0980 -0.0566 0.0584
0.0980 -0.0566 0.0584 0.1225 -0.0990 0.0734
0.1225 -0.0990 0.0734 0.0980 -0.1131 0.0280
0.0980 -0.1131 0.0280 0.1225 -0.0707 0.0250
0.1225 -0.0707 0.0250 0.0980 -0.0283 0.0130
0.0980 -0.0283 0.0130 0.0735 -0.0141 0.0494
0.0735 -0.0141 0.0494 0.0245 -0.0141 0.0434
0.0245 -0.0141 0.0434 0.0490 -0.0283 0.0040
0.0490 -0.0283 0.0040 0.0735 0.0141 0.0070
0.0735 0.0141 0.0070 0.0980 -0.0283 0.0130
0.0980 -0.0283 0.0130 0.1470 -0.0283 0.0280
0.1470 -0.0283 0.0280 0.1470 -0.0566 0.0734
0.1470 -0.0566 0.0734 0.0980 -0.0566 0.0584
0.0980 -0.0566 0.0584 0.0735 -0.0141 0.0494
0.0735 -0.0141 0.0494 0.0490 -0.0566 0.0494
0.0490 -0.0566 0.0494 0.0245 -0.0141 0.0434
0.0490 -0.0283 0.0040 0.0980 -0.0283 0.0130
0.0980 -0.0283 0.0130 0.0735 -0.0707 0.0130
0.0735 -0.0707 0.0130 0.0980 -0.0566 0.0584
0.0980 -0.0566 0.0584 0.0735 -0.0990 0.0614
0.0735 -0.0990 0.0614 0.0245 -0.0990 0.0554
0.0245 -0.0990 0.0554 -0.0000 -0.0566 0.0464
-0.0000 -0.0566 0.0464 -0.0000 -0.0283 0.0010
-0.0000 -0.0283 0.0010 0.0490 -0.0283 0.0040
0.0490 -0.0283 0.0040 0.0245 -0.0707 0.0070
0.0245 -0.0707 0.0070 0.0735 -0.0707 0.0130
0.0735 -0.0707 0.0130 0.0490 -0.0283 0.0040
0.0490 -0.0283 0.0040 0.0490 -0.0566 0.0494
0.0490 -0.0566 0.0494 0.0245 -0.0707 0.0070
0.0245 -0.0707 0.0070 -0.0245 -0.0707 0.0070
-0.0245 -0.0707 0.0070 -0.0490 -0.0283 0.0040
-0.0490 -0.0283 0.0040 -0.0735 -0.0141 0.0494
-0.0735 -0.0141 0.0494 -0.0490 -0.0566 0.0494
-0.0490 -0.0566 0.0494 -0.0245 -0.0707 0.0070
-0.0245 -0.0707 0.0070 -0.0000 -0.0283 0.0010
-0.0000 -0.0283 0.0010 -0.0245 0.0141 0.0010
-0.0245 0.0141 0.0010 -0.0490 0.0283 0.0464
-0.0490 0.0283 0.0464 0.0000 0.0283 0.0434
0.0000 0.0283 0.0434 0.0000 0.0566 0.0040
0.0000 0.0283 0.0434 -0.0245 0.0141 0.0010
-0.0245 0.0141 0.0010 -0.0735 0.0141 0.0070
-0.0735 0.0141 0.0070 -0.0490 0.0283 0.0464
-0.0490 0.0283 0.0464 -0.0245 -0.0141 0.0434
-0.0245 -0.0141 0.0434 -0.0490 -0.0283 0.0040
-0.0490 0.0283 0.0464 -0.0735 0.0707 0.0554
-0.0735 0.0707 0.0554 -0.1225 0.0707 0.0674
-0.1225 0.0707 0.0674 -0.0980 0.1131 0.0704
-0.0980 0.1131 0.0704 -0.0735 0.0707 0.0554
-0.0735 0.0707 0.0554 -0.0735 0.0990 0.0190
-0.0735 0.0990 0.0190 -0.0490 0.1414 0.0280
-0.0490 0.1414 0.0280 0.0000 0.1414 0.0250
0.0000 0.1414 0.0250 0.0490 0.1414 0.0280
0.0490 0.1414 0.0280 0.0490 0.1131 0.0614
0.0490 0.1131 0.0614 0.0245 0.1556 0.0734
0.0245 0.1556 0.0734 -0.0245 0.1556 0.0734
-0.0245 0.1556 0.0734 -0.0490 0.1131 0.0614
-0.0490 0.1131 0.0614 -0.0980 0.1131 0.0704
-0.0980 0.1131 0.0704 -0.0980 0.1414 0.0370
-0.0980 0.1414 0.0370 -0.0490 0.1414 0.0280
-0.0490 0.1414 0.0280 -0.0490 0.1131 0.0614
-0.0490 0.1131 0.0614 0.0000 0.1131 0.0584
0.0000 0.1131 0.0584 -0.0245 0.0707 0.0494
-0.0245 0.0707 0.0494 -0.0735 0.0707 0.0554
-0.0735 0.0707 0.0554 -0.0490 0.1131 0.0614
-0.0490 0.1131 0.0614 -0.0735 0.0990 0.0190
-0.0735 0.0990 0.0190 -0.0245 0.0990 0.0130
-0.0245 0.0990 0.0130 0.0245 0.0990 0.0130
0.0245 0.0990 0.0130 0.0490 0.0566 0.0070
0.0490 0.0566 0.0070 0.0245 0.0141 0.0010
0.0245 0.0141 0.0010 0.0000 0.0566 0.0040
0.0000 0.0566 0.0040 0.0245 0.0990 0.0130
0.0245 0.0990 0.0130 0.0000 0.1414 0.0250
0.0000 0.1414 0.0250 -0.0245 0.0990 0.0130
-0.0245 0.0990 0.0130 -0.0245 0.0707 0.0494
-0.0245 0.0707 0.0494 -0.0490 0.0283 0.0464
-0.0490 0.0283 0.0464 -0.0980 0.0283 0.0554
-0.0980 0.0283 0.0554 -0.0980 0.0566 0.0160
-0.0980 0.0566 0.0160 -0.1470 0.0566 0.0310
-0.1470 0.0566 0.0310 -0.1225 0.0141 0.0190
-0.1225 0.0141 0.0190 -0.1225 -0.0141 0.0614
-0.1225 -0.0141 0.0614 -0.0735 -0.0141 0.0494
-0.0735 -0.0141 0.0494 -0.0980 -0.0566 0.0584
-0.0980 -0.0566 0.0584 -0.1225 -0.0141 0.0614
-0.1225 -0.0141 0.0614 -0.1470 -0.0566 0.0734
-0.1470 -0.0566 0.0734 -0.1225 -0.0990 0.0734
-0.1470 -0.0566 0.0734 -0.1470 -0.0283 0.0280
-0.1470 -0.0283 0.0280 -0.0980 -0.0283 0.0130
-0.0980 -0.0283 0.0130 -0.0490 -0.0283 0.0040
-0.0490 -0.0283 0.0040 -0.0490 -0.0566 0.0494
-0.0490 -0.0566 0.0494 -0.0245 -0.0141 0.0434
-0.0245 -0.0141 0.0434 -0.0000 -0.0566 0.0464
-0.0000 -0.0566 0.0464 -0.0490 -0.0566 0.0494
-0.0490 -0.0566 0.0494 -0.0735 -0.0707 0.0130
-0.0735 -0.0707 0.0130 -0.0490 -0.1131 0.0190
-0.0490 -0.1131 0.0190 -0.0980 -0.1131 0.0280
-0.0980 -0.1131 0.0280 -0.0735 -0.1556 0.0370
-0.0735 -0.1556 0.0370 -0.0980 -0.1414 0.0794
-0.0980 -0.1414 0.0794 -0.1225 -0.0990 0.0734
-0.1225 -0.0990 0.0734 -0.0735 -0.0990 0.0614
-0.0735 -0.0990 0.0614 -0.0490 -0.1414 0.0704
-0.0490 -0.1414 0.0704 -0.0735 -0.1556 0.0370
-0.0735 -0.1556 0.0370 -0.0245 -0.1556 0.0310
-0.0245 -0.1556 0.0310 -0.0000 -0.1131 0.0160
-0.0000 -0.1131 0.0160 -0.0245 -0.0990 0.0554
-0.0245 -0.0990 0.0554 0.0245 -0.0990 0.0554
0.0245 -0.0990 0.0554 -0.0000 -0.1414 0.0674
-0.0000 -0.1414 0.0674 -0.0245 -0.0990 0.0554
-0.0245 -0.0990 0.0554 -0.0490 -0.0566 0.0494
-0.0490 -0.0566 0.0494 -0.0980 -0.0566 0.0584
-0.0980 -0.0566 0.0584 -0.1225 -0.0707 0.0250
-0.1225 -0.0707 0.0250 -0.0980 -0.1131 0.0280
-0.0980 -0.1131 0.0280 -0.1225 -0.0990 0.0734
-0.1225 -0.0990 0.0734 -0.0980 -0.0566 0.0584
-0.0980 -0.0566 0.0584 -0.0735 -0.0707 0.0130
-0.0735 -0.0707 0.0130 -0.0490 -0.0283 0.0040
-0.0490 -0.0283 0.0040 -0.0245 0.0141 0.0010
-0.0245 0.0141 0.0010 -0.0490 0.0566 0.0070
-0.0490 0.0566 0.0070 -0.0735 0.0141 0.0070
-0.0735 0.0141 0.0070 -0.1225 0.0141 0.0190
-0.1225 0.0141 0.0190 -0.0980 -0.0283 0.0130
-0.0980 -0.0283 0.0130 -0.1225 -0.0707 0.0250
-0.1225 -0.0707 0.0250 -0.0735 -0.0707 0.0130
-0.0735 -0.0707 0.0130 -0.0245 -0.0707 0.0070
-0.0245 -0.0707 0.0070 -0.0000 -0.1131 0.0160
-0.0000 -0.1131 0.0160 0.0245 -0.0990 0.0554
0.0245 -0.0990 0.0554 0.0490 -0.1131 0.0190
0.0490 -0.1131 0.0190 0.0735 -0.0990 0.0614
0.0735 -0.0990 0.0614 0.0980 -0.1131 0.0280
0.0980 -0.1131 0.0280 0.0490 -0.1131 0.0190
0.0490 -0.1131 0.0190 -0.0000 -0.1131 0.0160
-0.0000 -0.1131 0.0160 0.0245 -0.1556 0.0310
0.0245 -0.1556 0.0310 0.0735 -0.1556 0.0370
0.0245 -0.1556 0.0310 -0.0000 -0.1414 0.0674
-0.0000 -0.1414 0.0674 -0.0490 -0.1414 0.0704
-0.0490 -0.1414 0.0704 -0.0245 -0.0990 0.0554
-0.0245 -0.0990 0.0554 -0.0000 -0.0566 0.0464
-0.0245 -0.0141 0.0434 0.0000 0.0283 0.0434
0.0000 0.0283 0.0434 0.0245 -0.0141 0.0434
0.0245 -0.0141 0.0434 -0.0245 -0.0141 0.0434
-0.0245 -0.0141 0.0434 -0.0000 -0.0283 0.0010
-0.0000 -0.0283 0.0010 -0.0490 -0.0283 0.0040
-0.0490 -0.0283 0.0040 -0.0735 0.0141 0.0070
-0.0735 0.0141 0.0070 -0.0980 0.0566 0.0160
-0.0980 0.0566 0.0160 -0.0735 0.0707 0.0554
-0.0735 0.0707 0.0554 -0.0980 0.0283 0.0554
-0.0980 0.0283 0.0554 -0.1225 0.0707 0.0674
-0.1225 0.0707 0.0674 -0.1225 0.0990 0.0310
-0.1225 0.0990 0.0310 -0.0980 0.1131 0.0704
-0.0980 0.1131 0.0704 -0.0735 0.1556 0.0794
-0.0735 0.1556 0.0794 -0.0980 0.1414 0.0370
-0.0980 0.1414 0.0370 -0.1225 0.0990 0.0310
-0.1225 0.0990 0.0310 -0.0980 0.0566 0.0160
-0.0980 0.0566 0.0160 -0.0735 0.0990 0.0190
-0.0735 0.0990 0.0190 -0.0980 0.1414 0.0370
-0.1225 0.0990 0.0310 -0.1470 0.0566 0.0310
-0.1470 0.0566 0.0310 -0.1715 0.0141 0.0370
-0.1225 0.0990 0.0310 -0.0735 0.0990 0.0190
-0.0735 0.0990 0.0190 -0.0490 0.0566 0.0070
-0.0490 0.0566 0.0070 -0.0490 0.0283 0.0464
-0.0490 0.0283 0.0464 -0.0735 -0.0141 0.0494
-0.0735 -0.0141 0.0494 -0.0980 -0.0283 0.0130
-0.0980 -0.0283 0.0130 -0.0980 -0.0566 0.0584
-0.1225 -0.0707 0.0250 -0.1470 -0.0283 0.0280
-0.1470 -0.0283 0.0280 -0.1715 0.0141 0.0370
-0.1715 0.0141 0.0370 -0.1715 -0.0141 0.0794
-0.1715 -0.0141 0.0794 -0.1225 -0.0141 0.0614
-0.1225 -0.0141 0.0614 -0.1470 -0.0283 0.0280
-0.1470 -0.0283 0.0280 -0.1225 0.0141 0.0190
-0.1225 0.0141 0.0190 -0.0980 0.0283 0.0554
-0.0980 0.0283 0.0554 -0.1470 0.0283 0.0704
-0.1470 0.0283 0.0704 -0.1715 0.0141 0.0370
-0.1715 0.0141 0.0370 -0.1225 0.0141 0.0190
-0.1225 0.0141 0.0190 -0.0980 0.0566 0.0160
-0.0980 0.0566 0.0160 -0.0490 0.0566 0.0070
-0.0490 0.0566 0.0070 -0.0245 0.0990 0.0130
-0.0245 0.0990 0.0130 0.0000 0.0566 0.0040
0.0000 0.0566 0.0040 0.0245 0.0707 0.0494
0.0245 0.0707 0.0494 0.0490 0.0283 0.0464
0.0490 0.0283 0.0464 0.0245 -0.0141 0.0434
0.0245 -0.0141 0.0434 -0.0000 -0.0283 0.0010
-0.0000 -0.0283 0.0010 0.0245 0.0141 0.0010
0.0245 0.0141 0.0010 0.0490 0.0283 0.0464
0.0490 0.0283 0.0464 0.0735 -0.0141 0.0494
0.0735 -0.0141 0.0494 0.0490 -0.0283 0.0040
0.0490 -0.0283 0.0040 0.0245 0.0141 0.0010
0.0245 0.0141 0.0010 0.0245 -0.0141 0.0434
0.0245 -0.0141 0.0434 -0.0000 -0.0566 0.0464
-0.0000 -0.0566 0.0464 0.0245 -0.0707 0.0070
0.0245 -0.0707 0.0070 0.0490 -0.1131 0.0190
0.0490 -0.1131 0.0190 0.0735 -0.1556 0.0370
0.0735 -0.1556 0.0370 0.0980 -0.1414 0.0794
0.0980 -0.1414 0.0794 0.0735 -0.0990 0.0614
0.0735 -0.0990 0.0614 0.0490 -0.0566 0.0494
0.0490 -0.0566 0.0494 0.0980 -0.0566 0.0584
0.1225 -0.0707 0.0250 0.0735 -0.0707 0.0130
0.0735 -0.0707 0.0130 0.0980 -0.1131 0.0280
0.0980 -0.1131 0.0280 0.0735 -0.1556 0.0370
0.0735 -0.1556 0.0370 0.0490 -0.1414 0.0704
0.0490 -0.1414 0.0704 0.0735 -0.0990 0.0614
0.0735 -0.0990 0.0614 0.1225 -0.0990 0.0734
0.1225 -0.0990 0.0734 0.0980 -0.1414 0.0794
0.0980 -0.1414 0.0794 0.0490 -0.1414 0.0704
0.0490 -0.1414 0.0704 -0.0000 -0.1414 0.0674
-0.0000 -0.1414 0.0674 -0.0245 -0.1556 0.0310
-0.0735 -0.1556 0.0370 -0.0490 -0.1131 0.0190
-0.0490 -0.1131 0.0190 -0.0000 -0.1131 0.0160
-0.0000 -0.1131 0.0160 0.0245 -0.0707 0.0070
0.0245 -0.0707 0.0070 -0.0000 -0.0283 0.0010
-0.0245 0.0141 0.0010 0.0000 0.0566 0.0040
0.0000 0.0566 0.0040 -0.0245 0.0707 0.0494
-0.0245 0.0707 0.0494 0.0000 0.0283 0.0434
0.0000 0.0283 0.0434 0.0490 0.0283 0.0464
0.0490 0.0283 0.0464 0.0490 0.0566 0.0070
0.0490 0.0566 0.0070 0.0735 0.0141 0.0070
0.0735 0.0141 0.0070 0.0245 0.0141 0.0010
0.0245 0.0141 0.0010 -0.0245 0.0141 0.0010
-0.0245 0.0141 0.0010 -0.0245 -0.0141 0.0434
-0.0245 -0.0141 0.0434 -0.0735 -0.0141 0.0494
-0.0735 -0.0141 0.0494 -0.0980 0.0283 0.0554
-0.0980 0.0283 0.0554 -0.1225 -0.0141 0.0614
-0.1225 -0.0141 0.0614 -0.1470 0.0283 0.0704
-0.1470 0.0283 0.0704 -0.1225 0.0707 0.0674
-0.1225 0.0707 0.0674 -0.1470 0.0566 0.0310
-0.1470 0.0566 0.0310 -0.1470 0.0283 0.0704
-0.1470 0.0283 0.0704 -0.1715 -0.0141 0.0794
-0.1715 -0.0141 0.0794 -0.1470 -0.0566 0.0734
-0.1470 -0.0566 0.0734 -0.0980 -0.0566 0.0584
-0.0980 -0.0566 0.0584 -0.0735 -0.0990 0.0614
-0.0735 -0.0990 0.0614 -0.0245 -0.0990 0.0554
-0.0245 -0.0990 0.0554 -0.0490 -0.1131 0.0190
-0.0490 -0.1131 0.0190 -0.0245 -0.0707 0.0070
-0.0245 -0.0707 0.0070 -0.0000 -0.0566 0.0464
-0.0000 -0.0566 0.0464 0.0490 -0.0566 0.0494
0.0490 -0.0566 0.0494 0.0735 -0.0707 0.0130
0.0735 -0.0707 0.0130 0.0490 -0.1131 0.0190
0.0490 -0.1131 0.0190 0.0245 -0.1556 0.0310
0.0245 -0.1556 0.0310 -0.0245 -0.1556 0.0310
-0.0245 -0.1556 0.0310 -0.0490 -0.1131 0.0190
-0.0490 -0.1131 0.0190 -0.0735 -0.0990 0.0614
-0.0735 -0.0990 0.0614 -0.0490 -0.0566 0.0494
-0.0735 -0.0141 0.0494 -0.0735 0.0141 0.0070
-0.0735 0.0141 0.0070 -0.0980 -0.0283 0.0130
-0.0980 -0.0283 0.0130 -0.0735 -0.0707 0.0130
-0.0735 -0.0707 0.0130 -0.0980 -0.1131 0.0280
-0.0980 -0.1131 0.0280 -0.0735 -0.0990 0.0614
-0.0735 -0.0990 0.0614 -0.0980 -0.1414 0.0794
-0.0980 -0.1414 0.0794 -0.0490 -0.1414 0.0704
-0.0490 -0.1414 0.0704 -0.0245 -0.1556 0.0310
0.0245 -0.1556 0.0310 0.0490 -0.1414 0.0704
0.0490 -0.1414 0.0704 0.0245 -0.0990 0.0554
0.0245 -0.0990 0.0554 0.0490 -0.0566 0.0494
0.0735 -0.0141 0.0494 0.0980 0.0283 0.0554
0.0980 0.0283 0.0554 0.0735 0.0707 0.0554
0.0735 0.0707 0.0554 0.0490 0.1131 0.0614
0.0490 0.1131 0.0614 0.0735 0.1556 0.0794
0.0735 0.1556 0.0794 0.0980 0.1131 0.0704
0.0980 0.1131 0.0704 0.0735 0.0707 0.0554
0.0735 0.0707 0.0554 0.0245 0.0707 0.0494
0.0245 0.0707 0.0494 -0.0245 0.0707 0.0494
-0.0245 0.0707 0.0494 -0.0490 0.1131 0.0614
-0.0490 0.1131 0.0614 -0.0735 0.1556 0.0794
-0.0735 0.1556 0.0794 -0.0245 0.1556 0.0734
-0.0245 0.1556 0.0734 0.0000 0.1131 0.0584
0.0000 0.1131 0.0584 0.0000 0.1414 0.0250
0.0000 0.1131 0.0584 0.0245 0.1556 0.0734
0.0245 0.1556 0.0734 0.0490 0.1414 0.0280
0.0490 0.1414 0.0280 0.0245 0.0990 0.0130
0.0245 0.0990 0.0130 0.0735 0.0990 0.0190
0.0735 0.0990 0.0190 0.0490 0.0566 0.0070
0.0490 0.0566 0.0070 0.0980 0.0566 0.0160
0.0980 0.0566 0.0160 0.0735 0.0141 0.0070
0.0735 0.0141 0.0070 0.1225 0.0141 0.0190
0.1225 0.0141 0.0190 0.0980 0.0566 0.0160
0.0980 0.0566 0.0160 0.0980 0.0283 0.0554
0.0980 0.0283 0.0554 0.1470 0.0283 0.0704
0.1470 0.0283 0.0704 0.1225 0.0707 0.0674
0.1225 0.0707 0.0674 0.1225 0.0990 0.0310
0.1225 0.0990 0.0310 0.0980 0.1414 0.0370
0.0980 0.1414 0.0370 0.0735 0.0990 0.0190
0.0735 0.0990 0.0190 0.0490 0.1131 0.0614
0.0490 0.1131 0.0614 0.0245 0.0707 0.0494
0.0245 0.0707 0.0494 0.0245 0.0990 0.0130
0.0245 0.0990 0.0130 0.0000 0.1131 0.0584
0.0000 0.1131 0.0584 0.0490 0.1131 0.0614
0.0490 0.1131 0.0614 0.0980 0.1131 0.0704
0.0980 0.1131 0.0704 0.1225 0.0707 0.0674
0.1225 0.0707 0.0674 0.0980 0.0283 0.0554
0.0980 0.0283 0.0554 0.0490 0.0283 0.0464
0.0245 0.0141 0.0010 0.0000 0.0283 0.0434
0.0000 0.0283 0.0434 0.0245 0.0707 0.0494
0.0245 0.0707 0.0494 0.0490 0.0566 0.0070
0.0490 0.0566 0.0070 0.0000 0.0566 0.0040
0.0000 0.0566 0.0040 -0.0490 0.0566 0.0070
-0.0490 0.0566 0.0070 -0.0245 0.0707 0.0494
0.0245 0.0707 0.0494 0.0000 0.1131 0.0584
0.0000 0.1131 0.0584 -0.0245 0.0990 0.0130
-0.0245 0.0990 0.0130 -0.0490 0.1414 0.0280
-0.0490 0.1414 0.0280 -0.0245 0.1556 0.0734
0.0245 0.1556 0.0734 0.0735 0.1556 0.0794
0.0735 0.1556 0.0794 0.0980 0.1414 0.0370
0.0980 0.1414 0.0370 0.0490 0.1414 0.0280
0.0490 0.1414 0.0280 0.0735 0.0990 0.0190
0.0735 0.0990 0.0190 0.0980 0.0566 0.0160
0.0980 0.0566 0.0160 0.1470 0.0566 0.0310
0.1470 0.0566 0.0310 0.1225 0.0707 0.0674
0.1225 0.0707 0.0674 0.0735 0.0707 0.0554
0.0735 0.0707 0.0554 0.0735 0.0990 0.0190
0.0735 0.0990 0.0190 0.1225 0.0990 0.0310
0.1225 0.0990 0.0310 0.1470 0.0566 0.0310
0.1470 0.0566 0.0310 0.1470 0.0283 0.0704
0.1470 0.0283 0.0704 0.1715 0.0141 0.0370