2.646477840744473117e-36 2.243483630461663807e-35 -9.592406805046804471e-37
-7.759686923236586154e-06 6.117026507854461670e-02 -1.015940943034365773e-04
-5.305116251111030579e-02 3.068944439291954041e-02 -6.326874427031725645e-05
-5.298747867345809937e-02 9.173917770385742188e-02 -1.266181352548301220e-04
-1.059195250272750854e-01 6.123701855540275574e-02 -4.463557706912979484e-05
-5.305125936865806580e-02 3.068894520401954651e-02 -6.326874427031725645e-05
-5.298757925629615784e-02 9.173927456140518188e-02 -1.267181360162794590e-04
-5.300526693463325500e-02 1.530376821756362915e-01 -2.629626833368092775e-04
-2.197740832343697548e-05 1.223752424120903015e-01 -4.235385858919471502e-04
-5.298747867345809937e-02 9.173927456140518188e-02 -1.267181360162794590e-04
-7.359691153396852314e-06 6.116966903209686279e-02 -1.016940950648859143e-04
-2.177741043851710856e-05 1.223753392696380615e-01 -4.232385836075991392e-04
2.779962051135953516e-05 1.835522651672363281e-01 -5.399381043389439583e-04
5.309240892529487610e-02 1.529476642608642578e-01 -6.281384848989546299e-04
-2.177741043851710856e-05 1.223753467202186584e-01 -4.232385836075991392e-04
-7.959689355629961938e-06 6.117016822099685669e-02 -1.013940927805379033e-04
5.296564474701881409e-02 9.183693677186965942e-02 -3.211259027011692524e-04
5.293624848127365112e-02 3.058605268597602844e-02 -1.556523347971960902e-04
3.000000106112565845e-07 -4.000000046744389692e-07 2.000006986691005295e-07
-5.305086076259613037e-02 3.068844415247440338e-02 -6.306874274741858244e-05
-1.059193238615989685e-01 6.123681738972663879e-02 -4.443557554623112082e-05
-1.058932766318321228e-01 1.223151981830596924e-01 -2.451117907185107470e-04
-5.300486460328102112e-02 1.530378758907318115e-01 -2.626626519486308098e-04
2.829961158568039536e-05 1.835522651672363281e-01 -5.399381043389439583e-04
5.309300869703292847e-02 1.529475748538970947e-01 -6.281384848989546299e-04
5.296614393591880798e-02 9.183674305677413940e-02 -3.211259027011692524e-04
-2.167741513403598219e-05 1.223752424120903015e-01 -4.232385836075991392e-04
-5.300476402044296265e-02 1.530376821756362915e-01 -2.626626519486308098e-04
-2.177739952458068728e-05 1.223757416009902954e-01 -4.236385866533964872e-04
5.296584591269493103e-02 9.183654189109802246e-02 -3.216259065084159374e-04
5.293644964694976807e-02 3.058655373752117157e-02 -1.561523386044427752e-04
-7.359712981269694865e-06 6.116976588964462280e-02 -1.018940893118269742e-04
-5.298727750778198242e-02 9.173857420682907104e-02 -1.269181229872629046e-04
-1.058930754661560059e-01 1.223153993487358093e-01 -2.456117945257574320e-04
-5.298757553100585938e-02 9.173887223005294800e-02 -1.262181322090327740e-04
-7.559708137705456465e-06 6.116987019777297974e-02 -1.015940943034365773e-04
9.998900196706017596e-08 9.999200045740508358e-08 -9.998500161145784659e-08
-5.305055901408195496e-02 3.068874590098857880e-02 -6.316874350886791945e-05
-1.059196293354034424e-01 6.123682111501693726e-02 -4.503561649471521378e-05
-1.058935746550559998e-01 1.223155036568641663e-01 -2.456118527334183455e-04
-5.300476402044296265e-02 1.530384719371795654e-01 -2.625626511871814728e-04
2.839962508005555719e-05 1.835522651672363281e-01 -5.404381081461906433e-04
5.309311300516128540e-02 1.529477685689926147e-01 -6.288384320214390755e-04
5.296634510159492493e-02 9.183644503355026245e-02 -3.215259057469666004e-04
5.293694511055946350e-02 3.058615326881408691e-02 -1.559523516334593296e-04
