-3.542425855994224548e-02 6.134066730737686157e-02 5.282704904675483704e-02
-3.531435877084732056e-02 1.223521009087562561e-01 5.271765217185020447e-02
1.763802208006381989e-02 9.178052842617034912e-02 5.266140773892402649e-02
1.782031729817390442e-02 1.530392467975616455e-01 5.249606445431709290e-02
-3.531455621123313904e-02 1.223526969552040100e-01 5.271774902939796448e-02
1.763872057199478149e-02 9.178022295236587524e-02 5.266200751066207886e-02
-8.843551576137542725e-02 9.195463359355926514e-02 5.290593579411506653e-02
-3.542446345090866089e-02 6.134006381034851074e-02 5.282694846391677856e-02
1.754624210298061371e-02 3.053195588290691376e-02 5.289372056722640991e-02
-3.549490123987197876e-02 2.924732689280062914e-05 5.291305854916572571e-02
-8.857300132513046265e-02 3.066535666584968567e-02 5.294320732355117798e-02
-8.843562006950378418e-02 9.195473790168762207e-02 5.290523916482925415e-02
-8.812036365270614624e-02 1.532734036445617676e-01 5.263028293848037720e-02
-8.843562006950378418e-02 9.195493906736373901e-02 5.290523916482925415e-02
-8.857300132513046265e-02 3.066515736281871796e-02 5.294320732355117798e-02
-8.843581378459930420e-02 9.195513278245925903e-02 5.290554091334342957e-02
-8.812006562948226929e-02 1.532737016677856445e-01 5.263018235564231873e-02
-3.511505946516990662e-02 1.835177093744277954e-01 5.271658673882484436e-02
1.782121881842613220e-02 1.530387401580810547e-01 5.249626561999320984e-02
7.071080058813095093e-02 1.225291043519973755e-01 5.259493365883827209e-02
7.055953890085220337e-02 6.124448776245117188e-02 5.280996486544609070e-02
7.071080058813095093e-02 1.225291043519973755e-01 5.259493365883827209e-02
7.055914402008056641e-02 6.124468892812728882e-02 5.280996486544609070e-02
1.754624210298061371e-02 3.053185530006885529e-02 5.289272218942642212e-02
7.055933773517608643e-02 6.124468520283699036e-02 5.280996859073638916e-02
1.763872243463993073e-02 9.178072214126586914e-02 5.266130715608596802e-02
7.071050256490707397e-02 1.225288063287734985e-01 5.259493738412857056e-02
1.782051846385002136e-02 1.530389338731765747e-01 5.249596387147903442e-02
1.763822138309478760e-02 9.177991747856140137e-02 5.266130715608596802e-02
1.754574291408061981e-02 3.053185530006885529e-02 5.289272218942642212e-02
-3.549440205097198486e-02 2.874732308555394411e-05 5.291255936026573181e-02
1.754564419388771057e-02 3.053215518593788147e-02 5.289272218942642212e-02
-3.542426228523254395e-02 6.134046241641044617e-02 5.282654985785484314e-02
1.763842254877090454e-02 9.178002178668975830e-02 5.266130715608596802e-02
-3.531445935368537903e-02 1.223523020744323730e-01 5.271715298295021057e-02
1.782051846385002136e-02 1.530385464429855347e-01 5.249596387147903442e-02
-3.511456027626991272e-02 1.835182011127471924e-01 5.271599069237709045e-02
-3.531405702233314514e-02 1.223527044057846069e-01 5.271715298295021057e-02
-3.542396053671836853e-02 6.134056299924850464e-02 5.282654985785484314e-02
-3.549420088529586792e-02 2.944734114862512797e-05 5.291255936026573181e-02
-8.857360482215881348e-02 3.066585771739482880e-02 5.294311046600341797e-02
-3.542446345090866089e-02 6.134036183357238770e-02 5.282654985785484314e-02
-8.843552321195602417e-02 9.195483475923538208e-02 5.290513858199119568e-02
-3.531465679407119751e-02 1.223523020744323730e-01 5.271715298295021057e-02
-8.811996132135391235e-02 1.532730013132095337e-01 5.263018608093261719e-02
-3.511485829949378967e-02 1.835173070430755615e-01 5.271599069237709045e-02
