1.000000000000000000e+00 0.000000000000000000e+00
2.000000000000000000e+00 0.000000000000000000e+00
3.000000000000000000e+00 5.766641697846353054e-04
4.000000000000000000e+00 6.887902854941785336e-04
5.000000000000000000e+00 8.965241722762584686e-04
6.000000000000000000e+00 1.418636878952383995e-03
7.000000000000000000e+00 9.605731964111328125e+01
8.000000000000000000e+00 1.293301239013671875e+02
9.000000000000000000e+00 1.381693572998046875e+02
1.000000000000000000e+01 1.450437469482421875e+02
1.100000000000000000e+01 1.539572753906250000e+02
1.200000000000000000e+01 1.613385162353515625e+02
1.300000000000000000e+01 1.665908813476562500e+02
1.400000000000000000e+01 1.806567687988281250e+02
1.500000000000000000e+01 1.892586364746093750e+02
