0.000000 0.061335 0.000000 0.000000 -0.000097 0.000000 BC-2 NODE2
-0.052880 0.030804 0.000000 -0.000153 -0.000185 0.000000 BC-3 NODE3
-0.052880 0.091742 0.000000 -0.000153 0.000114 0.000000 BC-4 NODE4
-0.105861 0.061153 0.000000 -0.000205 0.000084 0.000000 BC-5 NODE5
-0.052850 0.030548 0.000000 -0.000183 0.000071 0.000000 BC-6 NODE6
-0.035179 0.061155 0.053013 -0.000176 0.000083 0.000020 BC-7 NODE7
-0.035179 0.122003 0.053013 -0.000176 0.000471 0.000020 BC-8 NODE8
-0.052775 0.091526 0.000225 -0.000258 0.000330 -0.000225 BC-9 NODE9
-0.052775 0.153010 0.000225 -0.000258 0.000083 -0.000225 BC-10 NODE10
0.000159 0.122448 0.000225 -0.000159 0.000026 -0.000225 BC-11 NODE11
-0.052929 0.091798 0.000225 -0.000104 0.000058 -0.000225 BC-12 NODE12
0.000217 0.061114 0.000225 -0.000217 0.000123 -0.000225 BC-13 NODE13
0.017801 0.091570 0.052977 -0.000124 0.000286 0.000056 BC-14 NODE14
0.017801 0.152906 0.052977 -0.000124 0.000187 0.000056 BC-15 NODE15
0.000149 0.122331 0.000019 -0.000149 0.000143 -0.000019 BC-16 NODE16
0.000149 0.183648 0.000019 -0.000149 0.000064 -0.000019 BC-17 NODE17
0.053226 0.153004 0.000019 -0.000193 0.000089 -0.000019 BC-18 NODE18
0.000105 0.122335 0.000019 -0.000105 0.000140 -0.000019 BC-19 NODE19
0.000105 0.061131 0.000019 -0.000105 0.000106 -0.000019 BC-20 NODE20
0.053090 0.091722 0.000019 -0.000057 0.000134 -0.000019 BC-21 NODE21
0.053090 0.030355 0.000019 -0.000057 0.000263 -0.000019 BC-22 NODE22
0.000231 -0.000162 0.000019 -0.000231 0.000162 -0.000019 BC-23 NODE23
-0.052812 0.030462 0.000019 -0.000221 0.000156 -0.000019 BC-24 NODE24
-0.105567 0.060920 0.000019 -0.000499 0.000317 -0.000019 BC-25 NODE25
-0.105567 0.121870 0.000019 -0.000499 0.000604 -0.000019 BC-26 NODE26
-0.052700 0.152393 0.000019 -0.000333 0.000700 -0.000019 BC-27 NODE27
0.000262 0.182971 0.000019 -0.000262 0.000741 -0.000019 BC-28 NODE28
0.053327 0.152334 0.000019 -0.000294 0.000759 -0.000019 BC-29 NODE29
0.053327 0.091326 0.000019 -0.000294 0.000530 -0.000019 BC-30 NODE30
0.000435 0.121863 0.000019 -0.000435 0.000611 -0.000019 BC-31 NODE31
-0.052617 0.152493 0.000019 -0.000416 0.000600 -0.000019 BC-32 NODE32
-0.034920 0.121842 0.053108 -0.000435 0.000633 -0.000075 BC-33 NODE33
0.000636 0.121842 -0.000226 -0.000636 0.000633 0.000226 BC-34 NODE34
0.018304 0.091240 0.052778 -0.000626 0.000616 0.000255 BC-35 NODE35
0.053591 0.091240 -0.000152 -0.000558 0.000616 0.000152 BC-36 NODE36
0.053591 0.029970 -0.000152 -0.000558 0.000649 0.000152 BC-37 NODE37
0.000730 0.060489 -0.000152 -0.000730 0.000748 0.000152 BC-38 NODE38
-0.052181 0.091037 -0.000152 -0.000852 0.000818 0.000152 BC-39 NODE39
-0.105267 0.121686 -0.000152 -0.000799 0.000788 0.000152 BC-40 NODE40
-0.087609 0.091103 0.052820 -0.000779 0.000753 0.000213 BC-41 NODE41
-0.052275 0.091103 -0.000181 -0.000758 0.000753 0.000181 BC-42 NODE42
-0.034540 0.060385 0.053024 -0.000815 0.000852 0.000009 BC-43 NODE43
0.000708 0.060385 0.000151 -0.000708 0.000852 -0.000151 BC-44 NODE44
0.018410 0.029725 0.053256 -0.000732 0.000894 -0.000223 BC-45 NODE45
0.000824 -0.000735 0.000499 -0.000824 0.000735 -0.000499 BC-46 NODE46
-0.034599 -0.000735 0.053633 -0.000757 0.000735 -0.000600 BC-47 NODE47
-0.052250 0.029837 0.000680 -0.000783 0.000781 -0.000680 BC-48 NODE48
-0.087785 0.029837 0.053984 -0.000603 0.000781 -0.000951 BC-49 NODE49
-0.087785 0.091390 0.053984 -0.000603 0.000466 -0.000951 BC-50 NODE50
-0.087785 0.152738 0.053984 -0.000603 0.000355 -0.000951 BC-51 NODE51
-0.087785 0.091407 0.053984 -0.000603 0.000449 -0.000951 BC-52 NODE52
-0.087785 0.030043 0.053984 -0.000603 0.000575 -0.000951 BC-53 NODE53
-0.105389 0.060534 0.001172 -0.000677 0.000703 -0.001172 BC-54 NODE54
-0.087738 0.091106 0.054124 -0.000650 0.000750 -0.001091 BC-55 NODE55
-0.105354 0.121618 0.001277 -0.000712 0.000857 -0.001277 BC-56 NODE56
-0.087644 0.152293 0.054407 -0.000744 0.000801 -0.001375 BC-57 NODE57
-0.052504 0.152293 0.001697 -0.000529 0.000801 -0.001697 BC-58 NODE58
-0.034824 0.182916 0.054738 -0.000532 0.000796 -0.001705 BC-59 NODE59
0.000619 0.182916 0.001574 -0.000619 0.000796 -0.001574 BC-60 NODE60
0.018285 0.152318 0.054571 -0.000607 0.000775 -0.001538 BC-61 NODE61
0.053673 0.152318 0.001488 -0.000640 0.000775 -0.001489 BC-62 NODE62
0.071356 0.121691 0.054537 -0.000645 0.000784 -0.001504 BC-63 NODE63
0.071356 0.060439 0.054537 -0.000645 0.000798 -0.001504 BC-64 NODE64
0.071356 0.122128 0.054537 -0.000645 0.000347 -0.001504 BC-65 NODE65
0.053717 0.091577 0.001621 -0.000684 0.000279 -0.001621 BC-66 NODE66
0.071390 0.060967 0.054638 -0.000679 0.000270 -0.001605 BC-67 NODE67
0.053716 0.030357 0.001618 -0.000683 0.000262 -0.001618 BC-68 NODE68
0.018334 0.030357 0.054692 -0.000656 0.000262 -0.001659 BC-69 NODE69
0.071309 0.060942 0.054692 -0.000598 0.000296 -0.001659 BC-70 NODE70
0.018440 0.091465 0.054692 -0.000762 0.000391 -0.001659 BC-71 NODE71
0.071654 0.122188 0.054692 -0.000943 0.000286 -0.001659 BC-72 NODE72
0.018897 0.152647 0.054692 -0.001220 0.000446 -0.001659 BC-73 NODE73
0.018897 0.091313 0.054692 -0.001220 0.000543 -0.001659 BC-74 NODE74
0.018897 0.030062 0.054692 -0.001220 0.000557 -0.001659 BC-75 NODE75
-0.033994 -0.000475 0.054692 -0.001361 0.000475 -0.001659 BC-76 NODE76
0.019088 0.030172 0.054692 -0.001411 0.000447 -0.001659 BC-77 NODE77
-0.033967 0.060803 0.054692 -0.001388 0.000434 -0.001659 BC-78 NODE78
0.019299 0.091557 0.054692 -0.001621 0.000299 -0.001659 BC-79 NODE79
-0.033622 0.122111 0.054692 -0.001733 0.000364 -0.001659 BC-80 NODE80
0.019496 0.152779 0.054692 -0.001819 0.000314 -0.001659 BC-81 NODE81
-0.033616 0.183443 0.054692 -0.001739 0.000269 -0.001659 BC-82 NODE82
-0.033616 0.122360 0.054692 -0.001739 0.000115 -0.001659 BC-83 NODE83
-0.033616 0.061023 0.054692 -0.001739 0.000215 -0.001659 BC-84 NODE84
-0.033616 -0.000351 0.054692 -0.001739 0.000351 -0.001659 BC-85 NODE85
-0.086734 0.030317 0.054692 -0.001655 0.000302 -0.001659 BC-86 NODE86
-0.033608 0.060989 0.054692 -0.001748 0.000248 -0.001659 BC-87 NODE87
-0.086602 0.091586 0.054692 -0.001786 0.000270 -0.001659 BC-88 NODE88
-0.033452 0.122272 0.054692 -0.001904 0.000202 -0.001659 BC-89 NODE89
-0.086339 0.152807 0.054692 -0.002049 0.000286 -0.001659 BC-90 NODE90
-0.033254 0.183455 0.054692 -0.002101 0.000256 -0.001659 BC-91 NODE91
