0.000000 0.000000 0.000000 0.000231 -0.000162 0.000019 Constraint-1
0.000000 0.000000 0.000000 0.000824 -0.000735 0.000499 Constraint-2
0.000000 0.061335 0.000000 0.000217 0.061114 0.000225 Constraint-3
0.000000 0.061335 0.000000 0.000105 0.061131 0.000019 Constraint-4
0.000000 0.061335 0.000000 0.000730 0.060489 -0.000152 Constraint-5
0.000000 0.061335 0.000000 0.000708 0.060385 0.000151 Constraint-6
-0.052880 0.030804 0.000000 -0.052850 0.030548 0.000000 Constraint-7
-0.052880 0.030804 0.000000 -0.052812 0.030462 0.000019 Constraint-8
-0.052880 0.030804 0.000000 -0.052250 0.029837 0.000680 Constraint-9
-0.052880 0.091742 0.000000 -0.052775 0.091526 0.000225 Constraint-10
-0.052880 0.091742 0.000000 -0.052929 0.091798 0.000225 Constraint-11
-0.052880 0.091742 0.000000 -0.052181 0.091037 -0.000152 Constraint-12
-0.052880 0.091742 0.000000 -0.052275 0.091103 -0.000181 Constraint-13
-0.105861 0.061153 0.000000 -0.105567 0.060920 0.000019 Constraint-14
-0.105861 0.061153 0.000000 -0.105389 0.060534 0.001172 Constraint-15
-0.052850 0.030548 0.000000 -0.052812 0.030462 0.000019 Constraint-16
-0.052850 0.030548 0.000000 -0.052250 0.029837 0.000680 Constraint-17
-0.035179 0.061155 0.053013 -0.034540 0.060385 0.053024 Constraint-18
-0.035179 0.061155 0.053013 -0.033967 0.060803 0.054692 Constraint-19
-0.035179 0.061155 0.053013 -0.033616 0.061023 0.054692 Constraint-20
-0.035179 0.061155 0.053013 -0.033608 0.060989 0.054692 Constraint-21
-0.035179 0.122003 0.053013 -0.034920 0.121842 0.053108 Constraint-22
-0.035179 0.122003 0.053013 -0.033622 0.122111 0.054692 Constraint-23
-0.035179 0.122003 0.053013 -0.033616 0.122360 0.054692 Constraint-24
-0.035179 0.122003 0.053013 -0.033452 0.122272 0.054692 Constraint-25
-0.052775 0.091526 0.000225 -0.052929 0.091798 0.000225 Constraint-26
-0.052775 0.091526 0.000225 -0.052181 0.091037 -0.000152 Constraint-27
-0.052775 0.091526 0.000225 -0.052275 0.091103 -0.000181 Constraint-28
-0.052775 0.153010 0.000225 -0.052700 0.152393 0.000019 Constraint-29
-0.052775 0.153010 0.000225 -0.052617 0.152493 0.000019 Constraint-30
-0.052775 0.153010 0.000225 -0.052504 0.152293 0.001697 Constraint-31
0.000159 0.122448 0.000225 0.000149 0.122331 0.000019 Constraint-32
0.000159 0.122448 0.000225 0.000105 0.122335 0.000019 Constraint-33
0.000159 0.122448 0.000225 0.000435 0.121863 0.000019 Constraint-34
0.000159 0.122448 0.000225 0.000636 0.121842 -0.000226 Constraint-35
-0.052929 0.091798 0.000225 -0.052181 0.091037 -0.000152 Constraint-36
-0.052929 0.091798 0.000225 -0.052275 0.091103 -0.000181 Constraint-37
0.000217 0.061114 0.000225 0.000105 0.061131 0.000019 Constraint-38
0.000217 0.061114 0.000225 0.000730 0.060489 -0.000152 Constraint-39
0.000217 0.061114 0.000225 0.000708 0.060385 0.000151 Constraint-40
0.017801 0.091570 0.052977 0.018304 0.091240 0.052778 Constraint-41
0.017801 0.091570 0.052977 0.018440 0.091465 0.054692 Constraint-42
0.017801 0.091570 0.052977 0.018897 0.091313 0.054692 Constraint-43
0.017801 0.091570 0.052977 0.019299 0.091557 0.054692 Constraint-44
0.017801 0.152906 0.052977 0.018285 0.152318 0.054571 Constraint-45
0.017801 0.152906 0.052977 0.018897 0.152647 0.054692 Constraint-46
0.017801 0.152906 0.052977 0.019496 0.152779 0.054692 Constraint-47
0.000149 0.122331 0.000019 0.000105 0.122335 0.000019 Constraint-48
0.000149 0.122331 0.000019 0.000435 0.121863 0.000019 Constraint-49
0.000149 0.122331 0.000019 0.000636 0.121842 -0.000226 Constraint-50
0.000149 0.183648 0.000019 0.000262 0.182971 0.000019 Constraint-51
0.000149 0.183648 0.000019 0.000619 0.182916 0.001574 Constraint-52
0.053226 0.153004 0.000019 0.053327 0.152334 0.000019 Constraint-53
0.053226 0.153004 0.000019 0.053673 0.152318 0.001488 Constraint-54
0.000105 0.122335 0.000019 0.000435 0.121863 0.000019 Constraint-55
0.000105 0.122335 0.000019 0.000636 0.121842 -0.000226 Constraint-56
0.000105 0.061131 0.000019 0.000730 0.060489 -0.000152 Constraint-57
0.000105 0.061131 0.000019 0.000708 0.060385 0.000151 Constraint-58
0.053090 0.091722 0.000019 0.053327 0.091326 0.000019 Constraint-59
0.053090 0.091722 0.000019 0.053591 0.091240 -0.000152 Constraint-60
0.053090 0.091722 0.000019 0.053717 0.091577 0.001621 Constraint-61
0.053090 0.030355 0.000019 0.053591 0.029970 -0.000152 Constraint-62
0.053090 0.030355 0.000019 0.053716 0.030357 0.001618 Constraint-63
0.000231 -0.000162 0.000019 0.000824 -0.000735 0.000499 Constraint-64
-0.052812 0.030462 0.000019 -0.052250 0.029837 0.000680 Constraint-65
-0.105567 0.060920 0.000019 -0.105389 0.060534 0.001172 Constraint-66
-0.105567 0.121870 0.000019 -0.105267 0.121686 -0.000152 Constraint-67
-0.105567 0.121870 0.000019 -0.105354 0.121618 0.001277 Constraint-68
-0.052700 0.152393 0.000019 -0.052617 0.152493 0.000019 Constraint-69
-0.052700 0.152393 0.000019 -0.052504 0.152293 0.001697 Constraint-70
0.000262 0.182971 0.000019 0.000619 0.182916 0.001574 Constraint-71
0.053327 0.152334 0.000019 0.053673 0.152318 0.001488 Constraint-72
0.053327 0.091326 0.000019 0.053591 0.091240 -0.000152 Constraint-73
0.053327 0.091326 0.000019 0.053717 0.091577 0.001621 Constraint-74
0.000435 0.121863 0.000019 0.000636 0.121842 -0.000226 Constraint-75
-0.052617 0.152493 0.000019 -0.052504 0.152293 0.001697 Constraint-76
-0.034920 0.121842 0.053108 -0.033622 0.122111 0.054692 Constraint-77
-0.034920 0.121842 0.053108 -0.033616 0.122360 0.054692 Constraint-78
-0.034920 0.121842 0.053108 -0.033452 0.122272 0.054692 Constraint-79
0.018304 0.091240 0.052778 0.018440 0.091465 0.054692 Constraint-80
0.018304 0.091240 0.052778 0.018897 0.091313 0.054692 Constraint-81
0.018304 0.091240 0.052778 0.019299 0.091557 0.054692 Constraint-82
0.053591 0.091240 -0.000152 0.053717 0.091577 0.001621 Constraint-83
0.053591 0.029970 -0.000152 0.053716 0.030357 0.001618 Constraint-84
0.000730 0.060489 -0.000152 0.000708 0.060385 0.000151 Constraint-85
-0.052181 0.091037 -0.000152 -0.052275 0.091103 -0.000181 Constraint-86
-0.105267 0.121686 -0.000152 -0.105354 0.121618 0.001277 Constraint-87
-0.087609 0.091103 0.052820 -0.087785 0.091390 0.053984 Constraint-88
-0.087609 0.091103 0.052820 -0.087785 0.091407 0.053984 Constraint-89
-0.087609 0.091103 0.052820 -0.087738 0.091106 0.054124 Constraint-90
-0.087609 0.091103 0.052820 -0.086602 0.091586 0.054692 Constraint-91
-0.034540 0.060385 0.053024 -0.033967 0.060803 0.054692 Constraint-92
-0.034540 0.060385 0.053024 -0.033616 0.061023 0.054692 Constraint-93
-0.034540 0.060385 0.053024 -0.033608 0.060989 0.054692 Constraint-94
0.018410 0.029725 0.053256 0.018334 0.030357 0.054692 Constraint-95
0.018410 0.029725 0.053256 0.018897 0.030062 0.054692 Constraint-96
0.018410 0.029725 0.053256 0.019088 0.030172 0.054692 Constraint-97
-0.034599 -0.000735 0.053633 -0.033994 -0.000475 0.054692 Constraint-98
-0.034599 -0.000735 0.053633 -0.033616 -0.000351 0.054692 Constraint-99
-0.087785 0.029837 0.053984 -0.087785 0.030043 0.053984 Constraint-100
-0.087785 0.029837 0.053984 -0.086734 0.030317 0.054692 Constraint-101
-0.087785 0.091390 0.053984 -0.087785 0.091407 0.053984 Constraint-102
-0.087785 0.091390 0.053984 -0.087738 0.091106 0.054124 Constraint-103
-0.087785 0.091390 0.053984 -0.086602 0.091586 0.054692 Constraint-104
-0.087785 0.152738 0.053984 -0.087644 0.152293 0.054407 Constraint-105
-0.087785 0.152738 0.053984 -0.086339 0.152807 0.054692 Constraint-106
-0.087785 0.091407 0.053984 -0.087738 0.091106 0.054124 Constraint-107
-0.087785 0.091407 0.053984 -0.086602 0.091586 0.054692 Constraint-108
-0.087785 0.030043 0.053984 -0.086734 0.030317 0.054692 Constraint-109
-0.087738 0.091106 0.054124 -0.086602 0.091586 0.054692 Constraint-110
-0.087644 0.152293 0.054407 -0.086339 0.152807 0.054692 Constraint-111
-0.034824 0.182916 0.054738 -0.033616 0.183443 0.054692 Constraint-112
-0.034824 0.182916 0.054738 -0.033254 0.183455 0.054692 Constraint-113
0.018285 0.152318 0.054571 0.018897 0.152647 0.054692 Constraint-114
0.018285 0.152318 0.054571 0.019496 0.152779 0.054692 Constraint-115
0.071356 0.121691 0.054537 0.071356 0.122128 0.054537 Constraint-116
0.071356 0.121691 0.054537 0.071654 0.122188 0.054692 Constraint-117
0.071356 0.060439 0.054537 0.071390 0.060967 0.054638 Constraint-118
0.071356 0.060439 0.054537 0.071309 0.060942 0.054692 Constraint-119
0.071356 0.122128 0.054537 0.071654 0.122188 0.054692 Constraint-120
0.071390 0.060967 0.054638 0.071309 0.060942 0.054692 Constraint-121
0.018334 0.030357 0.054692 0.018897 0.030062 0.054692 Constraint-122
0.018334 0.030357 0.054692 0.019088 0.030172 0.054692 Constraint-123
0.018440 0.091465 0.054692 0.018897 0.091313 0.054692 Constraint-124
0.018440 0.091465 0.054692 0.019299 0.091557 0.054692 Constraint-125
0.018897 0.152647 0.054692 0.019496 0.152779 0.054692 Constraint-126
0.018897 0.091313 0.054692 0.019299 0.091557 0.054692 Constraint-127
0.018897 0.030062 0.054692 0.019088 0.030172 0.054692 Constraint-128
-0.033994 -0.000475 0.054692 -0.033616 -0.000351 0.054692 Constraint-129
-0.033967 0.060803 0.054692 -0.033616 0.061023 0.054692 Constraint-130
-0.033967 0.060803 0.054692 -0.033608 0.060989 0.054692 Constraint-131
-0.033622 0.122111 0.054692 -0.033616 0.122360 0.054692 Constraint-132
-0.033622 0.122111 0.054692 -0.033452 0.122272 0.054692 Constraint-133
-0.033616 0.183443 0.054692 -0.033254 0.183455 0.054692 Constraint-134
-0.033616 0.122360 0.054692 -0.033452 0.122272 0.054692 Constraint-135
-0.033616 0.061023 0.054692 -0.033608 0.060989 0.054692 Constraint-136