-2.126523256301879883e-01 -1.664825677871704102e-01 1.149222720414400101e-02
2.039857506752014160e-01 -3.608524426817893982e-02 -2.553269863128662109e-01
-1.232993789017200470e-02 1.408534497022628784e-01 2.463555037975311279e-01
-1.007590070366859436e-01 1.877901554107666016e-01 4.671933650970458984e-01
-3.004562854766845703e-01 2.729168534278869629e-01 -6.107236742973327637e-01
4.141839444637298584e-01 -6.406298875808715820e-01 1.918774247169494629e-01
-3.907705843448638916e-02 1.796736270189285278e-01 -7.023980468511581421e-02
-1.578382682055234909e-03 1.387933343648910522e-01 2.751562371850013733e-02
1.806586235761642456e-01 -1.517182439565658569e-01 1.003697291016578674e-01
-6.186309084296226501e-02 1.045767292380332947e-01 4.499754682183265686e-02
-3.907549679279327393e-01 9.969963133335113525e-02 -2.459083199501037598e-01
4.468234777450561523e-01 -3.457565307617187500e-01 -1.070990264415740967e-01
-1.618901789188385010e-01 -9.139323234558105469e-02 -1.268685795366764069e-02
-7.526858150959014893e-02 3.348453640937805176e-01 1.958604454994201660e-01
5.808744579553604126e-02 3.146873116493225098e-01 -1.238068044185638428e-01
1.045251544564962387e-02 -4.183568358421325684e-01 1.785055696964263916e-01
2.057030051946640015e-01 -4.206383600831031799e-02 -1.128685474395751953e-01
-1.963220238685607910e-01 1.357595920562744141e-01 5.576089769601821899e-02
2.929570078849792480e-01 1.802618354558944702e-01 -9.410109370946884155e-02
-2.360358536243438721e-01 -7.725815773010253906e-01 -1.631880551576614380e-01
-6.134236454963684082e-01 1.033313870429992676e+00 3.317358195781707764e-01
6.865553557872772217e-02 -6.255763173103332520e-01 5.699013546109199524e-02
4.436109960079193115e-01 6.552019715309143066e-02 -2.263420671224594116e-01
1.537106651812791824e-02 1.210104301571846008e-01 1.395801007747650146e-01
3.638504445552825928e-02 1.999279856681823730e-02 1.663197576999664307e-02
4.349174797534942627e-01 -1.155725196003913879e-01 1.346047967672348022e-02
-3.432671725749969482e-01 -1.067636236548423767e-01 8.175578713417053223e-02
1.965782940387725830e-01 1.259251236915588379e-01 1.143073216080665588e-01
-1.068342030048370361e-01 -3.598010241985321045e-01 -6.927983462810516357e-02
6.316934525966644287e-02 1.994941234588623047e-01 -2.075872756540775299e-02
-2.434580028057098389e-01 1.732338368892669678e-01 -1.376870423555374146e-01
-4.153844416141510010e-01 4.018085896968841553e-01 -8.902833610773086548e-02
1.219614505767822266e+00 -3.451846837997436523e-01 -1.623516343533992767e-02
-8.652228713035583496e-01 1.241955999284982681e-02 3.569330787286162376e-03
1.240184456110000610e-01 -9.873957931995391846e-02 3.685098588466644287e-01
-3.956699371337890625e-02 -1.036256030201911926e-01 -4.165975451469421387e-01
1.597159802913665771e-01 3.628448816016316414e-03 9.204978495836257935e-02
-4.280758500099182129e-01 5.738126635551452637e-01 6.025676149874925613e-03
-1.379783079028129578e-02 -5.246660858392715454e-02 -1.842266768217086792e-01
7.275598645210266113e-01 2.150560729205608368e-02 3.749819397926330566e-01
-4.229244887828826904e-01 -2.481784075498580933e-01 -7.554917037487030029e-02
-7.864075303077697754e-01 -4.406243264675140381e-01 2.352197468280792236e-01
8.331170678138732910e-01 3.774672448635101318e-01 -2.468821257352828979e-01
-7.318919152021408081e-02 -2.534932494163513184e-01 -2.374567985534667969e-01
1.280393958091735840e+00 6.100174784660339355e-01 4.920141398906707764e-01
-1.360903382301330566e+00 -4.228586852550506592e-01 8.690304160118103027e-01
2.007994949817657471e-01 2.378681898117065430e-01 -1.116172432899475098e+00
-2.641509175300598145e-01 3.098981380462646484e-01 -3.021253459155559540e-02
1.104062125086784363e-01 -6.015872955322265625e-01 -7.052540779113769531e-02
1.827585250139236450e-01 -2.934513688087463379e-01 3.267474472522735596e-02
-2.534152269363403320e-01 2.194169461727142334e-01 -1.256247162818908691e-01
-1.294972300529479980e-01 -1.811276823282241821e-01 4.658592343330383301e-01
8.442533016204833984e-01 9.330209493637084961e-01 -4.232323467731475830e-01
-6.236085295677185059e-01 -6.648858189582824707e-01 6.682787090539932251e-02
-1.334908157587051392e-01 -5.340576637536287308e-03 3.260345011949539185e-02
1.746341139078140259e-01 7.653377018868923187e-03 -3.906979411840438843e-02
1.254341099411249161e-02 5.088499933481216431e-02 3.630206733942031860e-02
3.953500464558601379e-02 -2.342124134302139282e-01 -2.718130312860012054e-02
-1.041146367788314819e-01 1.722635775804519653e-01 3.398810222279280424e-04
1.700557023286819458e-01 -1.570283062756061554e-02 -1.331251412630081177e-01
-2.389551103115081787e-01 -2.575968503952026367e-01 1.267486661672592163e-01
-5.180168896913528442e-02 2.489989995956420898e-01 -1.324906796216964722e-01
-3.996946513652801514e-01 -2.632967531681060791e-01 2.291198372840881348e-01
5.638539195060729980e-01 2.866964936256408691e-01 -9.505619853734970093e-02
-4.518524277955293655e-03 8.127863984555006027e-04 -7.022630423307418823e-03
-5.743648111820220947e-02 2.423380687832832336e-02 7.394370436668395996e-02
-2.521625757217407227e-01 1.609233021736145020e-01 3.759592473506927490e-01
3.310435414314270020e-01 -2.367017418146133423e-01 -3.835870921611785889e-01
1.065795775502920151e-02 1.825345605611801147e-01 -9.002768248319625854e-02
-4.146189615130424500e-02 -1.545938849449157715e-01 4.726603254675865173e-02
1.185830906033515930e-01 1.325548719614744186e-02 6.187986209988594055e-02
-7.259263098239898682e-02 9.752717614173889160e-02 -4.541644826531410217e-02
-9.988826513290405273e-02 -3.506025075912475586e-01 -5.595453977584838867e-01
-1.077593564987182617e-01 3.957599103450775146e-01 6.400053501129150391e-01
3.464901149272918701e-01 -1.919540464878082275e-01 -1.171644404530525208e-01
-1.983236223459243774e-01 -1.906553208827972412e-01 -4.635082185268402100e-02
9.440568089485168457e-01 -5.726969838142395020e-01 2.855892777442932129e-01
-1.209053874015808105e+00 1.082117915153503418e+00 -8.694753050804138184e-01
4.089258983731269836e-02 5.866578817367553711e-01 5.605138540267944336e-01
2.045711874961853027e-01 -8.346548080444335938e-01 1.213122308254241943e-01
1.250099241733551025e-01 -2.601569518446922302e-02 2.632824145257472992e-02
3.632996082305908203e-01 -1.765841692686080933e-01 5.737015977501869202e-02
-5.387963652610778809e-01 3.623528480529785156e-01 -9.626898914575576782e-03
1.549694985151290894e-01 -4.556739330291748047e-02 -1.002392470836639404e-01
-1.275627613067626953e-01 -1.696349680423736572e-01 -8.239008486270904541e-03
5.737797543406486511e-02 6.125940009951591492e-03 -1.649424061179161072e-02
2.162316292524337769e-01 -3.327181562781333923e-02 -1.371899396181106567e-01
-2.842131555080413818e-01 -1.186337843537330627e-01 -1.089776828885078430e-01
3.307735919952392578e-02 1.171068698167800903e-01 5.522538423538208008e-01
8.086471557617187500e-01 -3.784273564815521240e-01 -6.800462007522583008e-01
-7.986836433410644531e-01 4.476969540119171143e-01 3.595530688762664795e-01
2.618876099586486816e-01 -1.023271754384040833e-01 -3.577039241790771484e-01
7.492923736572265625e-02 -1.093052253127098083e-01 2.483183294534683228e-01
-6.251618266105651855e-01 6.903443336486816406e-01 -1.444245338439941406e+00
2.498771101236343384e-01 -6.293213367462158203e-01 1.487643837928771973e+00
-4.388827364891767502e-03 2.489991784095764160e-01 -1.125922441482543945e+00
-2.875931262969970703e-01 1.483390480279922485e-01 1.321068644523620605e+00
-2.913278639316558838e-01 1.423498988151550293e-01 -5.291293859481811523e-01
6.945450305938720703e-01 -4.239404499530792236e-01 4.021659195423126221e-01
-3.914870321750640869e-01 1.919244080781936646e-01 -1.519452184438705444e-01
4.784163236618041992e-01 -2.612747251987457275e-01 -1.665159463882446289e-01
-1.598849743604660034e-01 7.746239751577377319e-02 3.233716487884521484e-01
-2.441932447254657745e-02 -5.506010726094245911e-03 1.118522137403488159e-01
9.056911617517471313e-02 -2.944968342781066895e-01 -1.278124302625656128e-01
3.268793597817420959e-02 1.502463817596435547e-01 -1.230962276458740234e-01
-1.223220303654670715e-02 2.287432253360748291e-01 1.925651878118515015e-01
2.016844041645526886e-02 -5.399607867002487183e-02 -2.152281254529953003e-02
4.178693145513534546e-02 2.517705261707305908e-01 -1.076825708150863647e-01
-2.607876062393188477e-01 -2.271532416343688965e-01 2.863844297826290131e-02
-1.811859309673309326e-01 -9.499093294143676758e-01 2.221947759389877319e-01
-5.774841830134391785e-02 -3.156297504901885986e-01 3.759467601776123047e-02
3.774375617504119873e-01 1.440807461738586426e+00 2.570296928752213717e-04
-7.678956389427185059e-01 -3.783921897411346436e-01 -4.859589934349060059e-01
8.993750810623168945e-01 5.150743573904037476e-02 3.456188440322875977e-01
-8.029570430517196655e-02 1.114067956805229187e-01 -1.103826612234115601e-01
-5.416462421417236328e-01 -2.469462305307388306e-01 1.295500993728637695e-01
5.105156898498535156e-01 2.512446343898773193e-01 -3.122364915907382965e-02
-6.599427461624145508e-01 2.109288722276687622e-01 8.987168222665786743e-02
1.007266640663146973e+00 -3.133761882781982422e-01 -3.783514797687530518e-01
-4.418832957744598389e-01 1.648676246404647827e-01 2.629294693470001221e-01
1.084823384881019592e-01 -8.555800467729568481e-02 -3.954899031668901443e-03
-4.588430747389793396e-02 6.788908690214157104e-02 -7.208345830440521240e-02
-2.135731130838394165e-01 1.448649019002914429e-01 7.857789099216461182e-02
2.628813982009887695e-01 -1.885133534669876099e-01 -6.911327689886093140e-02
-7.633534073829650879e-02 2.190397493541240692e-02 7.164792716503143311e-02
4.904904961585998535e-02 2.724150195717811584e-02 -3.729041665792465210e-02
-8.743155747652053833e-03 -3.521577268838882446e-02 1.110769622027873993e-02
-7.786694914102554321e-02 7.353335618972778320e-02 7.399967312812805176e-02
2.375074895098805428e-03 -6.985130161046981812e-02 -1.094772145152091980e-01
1.407681554555892944e-01 1.670928671956062317e-02 8.429256826639175415e-02
1.979813873767852783e-01 3.486180305480957031e-01 3.155584633350372314e-02
7.745268940925598145e-01 -1.085326790809631348e+00 -6.835862398147583008e-01
-1.188793659210205078e+00 1.686962842941284180e+00 7.107647657394409180e-01
-4.275851547718048096e-01 -1.368759989738464355e+00 -1.421682089567184448e-01
8.425158262252807617e-02 1.740261167287826538e-01 4.033510982990264893e-01
5.573168396949768066e-01 1.717097163200378418e-01 -3.070017397403717041e-01
-1.854472793638706207e-02 8.534569293260574341e-02 -1.654641516506671906e-02
-8.872417360544204712e-02 -3.372634351253509521e-01 -2.486982941627502441e-01
3.502697348594665527e-01 -1.190642952919006348e+00 2.872477471828460693e-01
-4.319782257080078125e-01 1.361737608909606934e+00 -2.215491533279418945e-01
1.463575065135955811e-01 1.522289663553237915e-01 1.649305820465087891e-01
-1.388160437345504761e-01 -1.040151834487915039e+00 8.184803128242492676e-01
1.728364378213882446e-01 1.562136530876159668e+00 -1.292455077171325684e+00
6.457264721393585205e-02 -4.930115342140197754e-01 5.598000288009643555e-01
-1.359782963991165161e-01 1.681990623474121094e-01 -7.842247933149337769e-02
1.520027816295623779e-01 -2.556093931198120117e-01 -1.902269870042800903e-01
-9.170582145452499390e-02 2.510852217674255371e-01 5.654819309711456299e-02
-3.299989700317382812e-01 -8.623746223747730255e-03 1.675109863281250000e-01
7.228947877883911133e-01 -6.374061107635498047e-01 4.082278907299041748e-01
-2.018713057041168213e-01 2.424749583005905151e-01 -1.497730612754821777e-01
-2.879922389984130859e-01 7.499150931835174561e-02 -4.330762922763824463e-01
1.300101876258850098e-01 2.121903151273727417e-01 1.382305324077606201e-01
-2.312588989734649658e-01 -1.738124936819076538e-01 2.098869830369949341e-01
8.516339212656021118e-02 7.451535761356353760e-02 -2.810645997524261475e-01
3.930202722549438477e-01 1.016871482133865356e-01 1.786310672760009766e-01
-6.035616397857666016e-01 -8.602359145879745483e-02 -2.512699365615844727e-01
1.065950095653533936e-01 -2.405741252005100250e-02 -3.608958050608634949e-02
1.631834059953689575e-01 1.427665445953607559e-02 1.450387239456176758e-01
-1.046181842684745789e-02 -6.064679846167564392e-02 3.461133688688278198e-02
2.291167154908180237e-02 3.548150882124900818e-02 -2.592622861266136169e-02
-9.489321708679199219e-02 8.300299048423767090e-01 1.833065450191497803e-01
2.617139518260955811e-01 -9.172243475914001465e-01 -2.681261897087097168e-01
9.060054421424865723e-01 4.888520538806915283e-01 -7.609283924102783203e-02
-1.002325057983398438e+00 -5.650666356086730957e-02 7.684509754180908203e-01
-3.385781496763229370e-02 -8.358240723609924316e-01 2.593145668506622314e-01
-6.529886722564697266e-01 4.513753056526184082e-01 -5.453795194625854492e-01
-7.354097366333007812e-01 6.735738366842269897e-02 2.528717219829559326e-01
8.226317763328552246e-01 4.051087796688079834e-01 -3.930177688598632812e-01
5.587549209594726562e-01 -1.808343082666397095e-01 -1.056843772530555725e-01
-1.460124105215072632e-01 -9.022749215364456177e-02 -1.227226927876472473e-01
1.483749449253082275e-01 -9.453580528497695923e-02 -6.579454988241195679e-02
-4.400342702865600586e-02 -1.202708017081022263e-02 1.258960068225860596e-01
-1.269889920949935913e-01 -3.426361382007598877e-01 1.395839154720306396e-01
1.657590419054031372e-01 3.952437341213226318e-01 -1.236182674765586853e-01
-1.624182313680648804e-01 -3.601772189140319824e-01 -6.436240077018737793e-01
2.456257939338684082e-01 1.260928809642791748e-01 7.870321273803710938e-01
-1.207653805613517761e-01 1.539542227983474731e-01 -1.801249682903289795e-01
