0.0702 0.1603 0.0729 0.0246 0.1733 0.0729
0.0246 0.1733 0.0729 -0.0246 0.1733 0.0729
-0.0246 0.1733 0.0729 -0.0702 0.1603 0.0729
-0.0702 0.1603 0.0729 -0.0469 0.1195 0.0392
-0.0469 0.1195 0.0392 -0.0246 0.1733 0.0729
-0.0246 0.1733 0.0729 0.0000 0.1284 0.0393
0.0000 0.1284 0.0393 0.0469 0.1195 0.0392
0.0469 0.1195 0.0392 0.1094 0.1366 0.0729
0.1094 0.1366 0.0729 0.0900 0.0909 0.0390
0.0900 0.0909 0.0390 0.1183 0.0526 0.0399
0.1183 0.0526 0.0399 0.0757 0.0320 0.0161
0.0757 0.0320 0.0161 0.1307 0.0060 0.0407
0.1307 0.0060 0.0407 0.1713 -0.0360 0.0729
0.1713 -0.0360 0.0729 0.1542 -0.0828 0.0729
0.1542 -0.0828 0.0729 0.1267 -0.1207 0.0729
0.1542 -0.0828 0.0729 0.0952 -0.0933 0.0423
0.0952 -0.0933 0.0423 0.0667 -0.0601 0.0192
0.0667 -0.0601 0.0192 0.1210 -0.0481 0.0404
0.1210 -0.0481 0.0404 0.0890 -0.0132 0.0193
0.0890 -0.0132 0.0193 0.0757 0.0320 0.0161
0.0757 0.0320 0.0161 0.0431 -0.0168 0.0051
0.0431 -0.0168 0.0051 0.0667 -0.0601 0.0192
0.0667 -0.0601 0.0192 0.0228 -0.0736 0.0142
0.0228 -0.0736 0.0142 0.0497 -0.1165 0.0382
0.0497 -0.1165 0.0382 0.0448 -0.1692 0.0729
0.0448 -0.1692 0.0729 -0.0000 -0.1750 0.0729
-0.0000 -0.1750 0.0729 0.0000 -0.1261 0.0378
0.0000 -0.1261 0.0378 0.0497 -0.1165 0.0382
0.0497 -0.1165 0.0382 0.0893 -0.1505 0.0729
0.0893 -0.1505 0.0729 0.0952 -0.0933 0.0423
0.0952 -0.0933 0.0423 0.0497 -0.1165 0.0382
0.0497 -0.1165 0.0382 0.0667 -0.0601 0.0192
0.0667 -0.0601 0.0192 0.0890 -0.0132 0.0193
0.0890 -0.0132 0.0193 0.1307 0.0060 0.0407
0.1307 0.0060 0.0407 0.1183 0.0526 0.0399
0.1307 0.0060 0.0407 0.1210 -0.0481 0.0404
0.1210 -0.0481 0.0404 0.1713 -0.0360 0.0729
0.1713 -0.0360 0.0729 0.1746 0.0112 0.0729
0.1746 0.0112 0.0729 0.1307 0.0060 0.0407
0.1307 0.0060 0.0407 0.1656 0.0566 0.0729
0.1656 0.0566 0.0729 0.1746 0.0112 0.0729
0.1542 -0.0828 0.0729 0.1210 -0.0481 0.0404
0.1210 -0.0481 0.0404 0.0952 -0.0933 0.0423
0.0952 -0.0933 0.0423 0.1267 -0.1207 0.0729
0.1267 -0.1207 0.0729 0.0893 -0.1505 0.0729
0.0893 -0.1505 0.0729 0.0448 -0.1692 0.0729
0.0448 -0.1692 0.0729 0.0000 -0.1261 0.0378
0.0000 -0.1261 0.0378 0.0228 -0.0736 0.0142
0.0228 -0.0736 0.0142 -0.0228 -0.0736 0.0142
-0.0228 -0.0736 0.0142 -0.0431 -0.0168 0.0051
-0.0431 -0.0168 0.0051 -0.0667 -0.0601 0.0192
-0.0667 -0.0601 0.0192 -0.0497 -0.1165 0.0382
-0.0497 -0.1165 0.0382 0.0000 -0.1261 0.0378
0.0000 -0.1261 0.0378 -0.0448 -0.1692 0.0729
-0.0448 -0.1692 0.0729 -0.0497 -0.1165 0.0382
-0.0497 -0.1165 0.0382 -0.0228 -0.0736 0.0142
-0.0228 -0.0736 0.0142 0.0000 -0.0254 0.0015
0.0000 -0.0254 0.0015 0.0431 -0.0168 0.0051
0.0431 -0.0168 0.0051 0.0228 -0.0736 0.0142
0.0228 -0.0736 0.0142 0.0000 -0.0254 0.0015
0.0000 -0.0254 0.0015 -0.0226 0.0274 0.0030
-0.0226 0.0274 0.0030 -0.0431 -0.0168 0.0051
-0.0431 -0.0168 0.0051 0.0000 -0.0254 0.0015
0.0000 -0.0254 0.0015 0.0226 0.0274 0.0030
0.0226 0.0274 0.0030 0.0757 0.0320 0.0161
0.0757 0.0320 0.0161 0.0461 0.0706 0.0169
0.0461 0.0706 0.0169 -0.0000 0.0800 0.0153
0.0461 0.0706 0.0169 0.0900 0.0909 0.0390
0.0900 0.0909 0.0390 0.1431 0.1008 0.0729
0.1431 0.1008 0.0729 0.1183 0.0526 0.0399
0.1183 0.0526 0.0399 0.1656 0.0566 0.0729
0.1656 0.0566 0.0729 0.1431 0.1008 0.0729
0.1431 0.1008 0.0729 0.1094 0.1366 0.0729
0.1094 0.1366 0.0729 0.0702 0.1603 0.0729
0.0702 0.1603 0.0729 0.0469 0.1195 0.0392
0.0000 0.1284 0.0393 -0.0000 0.0800 0.0153
-0.0000 0.0800 0.0153 -0.0461 0.0706 0.0169
-0.0461 0.0706 0.0169 -0.0469 0.1195 0.0392
-0.0469 0.1195 0.0392 -0.0000 0.0800 0.0153
-0.0000 0.0800 0.0153 0.0469 0.1195 0.0392
0.0469 0.1195 0.0392 0.0461 0.0706 0.0169
0.0461 0.0706 0.0169 0.0226 0.0274 0.0030
0.0226 0.0274 0.0030 0.0431 -0.0168 0.0051
0.0431 -0.0168 0.0051 0.0890 -0.0132 0.0193
0.0757 0.0320 0.0161 0.0900 0.0909 0.0390
0.0900 0.0909 0.0390 0.0469 0.1195 0.0392
0.0469 0.1195 0.0392 0.0246 0.1733 0.0729
0.0246 0.1733 0.0729 0.0000 0.1284 0.0393
0.0000 0.1284 0.0393 -0.0469 0.1195 0.0392
-0.0461 0.0706 0.0169 -0.0757 0.0320 0.0161
-0.0757 0.0320 0.0161 -0.0890 -0.0132 0.0193
-0.0757 0.0320 0.0161 -0.0226 0.0274 0.0030
-0.0226 0.0274 0.0030 0.0226 0.0274 0.0030
0.0226 0.0274 0.0030 -0.0000 0.0800 0.0153
-0.0000 0.0800 0.0153 -0.0226 0.0274 0.0030
-0.0226 0.0274 0.0030 -0.0461 0.0706 0.0169
-0.0461 0.0706 0.0169 -0.0900 0.0909 0.0390
-0.0900 0.0909 0.0390 -0.0757 0.0320 0.0161
-0.0757 0.0320 0.0161 -0.0431 -0.0168 0.0051
-0.0431 -0.0168 0.0051 -0.0890 -0.0132 0.0193
-0.0890 -0.0132 0.0193 -0.0667 -0.0601 0.0192
-0.0667 -0.0601 0.0192 -0.0952 -0.0933 0.0423
-0.0952 -0.0933 0.0423 -0.0893 -0.1505 0.0729
-0.0893 -0.1505 0.0729 -0.1267 -0.1207 0.0729
-0.1267 -0.1207 0.0729 -0.0952 -0.0933 0.0423
-0.0952 -0.0933 0.0423 -0.0497 -0.1165 0.0382
-0.0497 -0.1165 0.0382 -0.0893 -0.1505 0.0729
-0.0893 -0.1505 0.0729 -0.0448 -0.1692 0.0729
-0.0448 -0.1692 0.0729 -0.0000 -0.1750 0.0729
0.0000 -0.1261 0.0378 -0.0228 -0.0736 0.0142
-0.0228 -0.0736 0.0142 -0.0667 -0.0601 0.0192
-0.0667 -0.0601 0.0192 -0.1210 -0.0481 0.0404
-0.1210 -0.0481 0.0404 -0.1713 -0.0360 0.0729
-0.1713 -0.0360 0.0729 -0.1542 -0.0828 0.0729
-0.1713 -0.0360 0.0729 -0.1746 0.0112 0.0729
-0.1746 0.0112 0.0729 -0.1656 0.0566 0.0729
-0.1656 0.0566 0.0729 -0.1431 0.1008 0.0729
-0.1431 0.1008 0.0729 -0.0900 0.0909 0.0390
-0.0900 0.0909 0.0390 -0.0469 0.1195 0.0392
-0.0469 0.1195 0.0392 -0.1094 0.1366 0.0729
-0.1094 0.1366 0.0729 -0.0900 0.0909 0.0390
-0.0900 0.0909 0.0390 -0.1183 0.0526 0.0399
-0.1183 0.0526 0.0399 -0.1307 0.0060 0.0407
-0.1183 0.0526 0.0399 -0.0757 0.0320 0.0161
-0.0757 0.0320 0.0161 -0.1307 0.0060 0.0407
-0.1307 0.0060 0.0407 -0.1746 0.0112 0.0729
-0.1713 -0.0360 0.0729 -0.1307 0.0060 0.0407
-0.1307 0.0060 0.0407 -0.1210 -0.0481 0.0404
-0.1210 -0.0481 0.0404 -0.0952 -0.0933 0.0423
-0.0952 -0.0933 0.0423 -0.1542 -0.0828 0.0729
-0.1542 -0.0828 0.0729 -0.1267 -0.1207 0.0729
-0.1542 -0.0828 0.0729 -0.1210 -0.0481 0.0404
-0.1210 -0.0481 0.0404 -0.0890 -0.0132 0.0193
-0.0890 -0.0132 0.0193 -0.1307 0.0060 0.0407
-0.1307 0.0060 0.0407 -0.1656 0.0566 0.0729
-0.1656 0.0566 0.0729 -0.1183 0.0526 0.0399
-0.1183 0.0526 0.0399 -0.1431 0.1008 0.0729
-0.1431 0.1008 0.0729 -0.1094 0.1366 0.0729
-0.1094 0.1366 0.0729 -0.0702 0.1603 0.0729