-0.0197 0.0283 0.0372 -0.0317 -0.0288 0.0199
-0.0317 -0.0288 0.0199 -0.0161 -0.0614 0.0221
-0.0161 -0.0614 0.0221 -0.0016 -0.0696 0.0296
-0.0161 -0.0614 0.0221 -0.0288 -0.0475 -0.0038
-0.0288 -0.0475 -0.0038 -0.0090 -0.0640 -0.0087
-0.0090 -0.0640 -0.0087 0.0150 -0.0307 -0.0304
0.0150 -0.0307 -0.0304 -0.0149 -0.0471 -0.0439
-0.0149 -0.0471 -0.0439 0.0282 0.0338 -0.0441
0.0282 0.0338 -0.0441 0.0425 0.0224 -0.0229
0.0282 0.0338 -0.0441 0.0330 0.0026 -0.0428
0.0330 0.0026 -0.0428 0.0303 -0.0420 -0.0439
0.0303 -0.0420 -0.0439 0.0150 -0.0307 -0.0304
0.0150 -0.0307 -0.0304 -0.0162 -0.0362 -0.0261
-0.0162 -0.0362 -0.0261 -0.0322 -0.0093 -0.0326
-0.0322 -0.0093 -0.0326 -0.0325 -0.0184 -0.0035
-0.0325 -0.0184 -0.0035 -0.0288 -0.0475 -0.0038
-0.0288 -0.0475 -0.0038 -0.0317 -0.0288 0.0199
-0.0317 -0.0288 0.0199 -0.0359 -0.0051 0.0124
-0.0359 -0.0051 0.0124 -0.0466 0.0119 0.0052
-0.0466 0.0119 0.0052 -0.0498 -0.0057 -0.0087
-0.0498 -0.0057 -0.0087 -0.0322 -0.0093 -0.0326
-0.0322 -0.0093 -0.0326 -0.0149 -0.0471 -0.0439
-0.0149 -0.0471 -0.0439 -0.0162 -0.0362 -0.0261
-0.0162 -0.0362 -0.0261 -0.0325 -0.0184 -0.0035
-0.0325 -0.0184 -0.0035 -0.0359 -0.0051 0.0124
-0.0359 -0.0051 0.0124 -0.0270 0.0504 0.0132
-0.0270 0.0504 0.0132 -0.0064 0.0653 -0.0121
-0.0064 0.0653 -0.0121 -0.0108 0.0727 -0.0283
-0.0108 0.0727 -0.0283 0.0134 0.0730 -0.0208
0.0134 0.0730 -0.0208 0.0156 0.0608 -0.0194
0.0156 0.0608 -0.0194 -0.0064 0.0653 -0.0121
-0.0064 0.0653 -0.0121 0.0134 0.0730 -0.0208
0.0134 0.0730 -0.0208 0.0029 0.0635 -0.0437
0.0029 0.0635 -0.0437 -0.0206 0.0463 -0.0386
-0.0206 0.0463 -0.0386 -0.0369 0.0220 -0.0440
-0.0369 0.0220 -0.0440 0.0282 0.0338 -0.0441
0.0282 0.0338 -0.0441 0.0134 0.0730 -0.0208
0.0029 0.0635 -0.0437 0.0282 0.0338 -0.0441
0.0282 0.0338 -0.0441 0.0156 0.0608 -0.0194
0.0156 0.0608 -0.0194 0.0372 0.0340 0.0095
0.0372 0.0340 0.0095 0.0425 0.0224 -0.0229
0.0425 0.0224 -0.0229 0.0419 -0.0029 0.0012
0.0419 -0.0029 0.0012 0.0308 -0.0120 0.0092
0.0419 -0.0029 0.0012 0.0330 0.0026 -0.0428
0.0330 0.0026 -0.0428 -0.0149 -0.0471 -0.0439
-0.0149 -0.0471 -0.0439 -0.0395 -0.0203 -0.0435
-0.0395 -0.0203 -0.0435 -0.0369 0.0220 -0.0440
-0.0369 0.0220 -0.0440 -0.0378 0.0386 -0.0207
-0.0378 0.0386 -0.0207 -0.0064 0.0653 -0.0121
-0.0064 0.0653 -0.0121 -0.0206 0.0463 -0.0386
-0.0369 0.0220 -0.0440 -0.0149 -0.0471 -0.0439
-0.0149 -0.0471 -0.0439 0.0303 -0.0420 -0.0439
0.0303 -0.0420 -0.0439 0.0251 -0.0099 -0.0312
0.0251 -0.0099 -0.0312 0.0150 -0.0307 -0.0304
0.0150 -0.0307 -0.0304 0.0185 -0.0609 -0.0047
0.0150 -0.0307 -0.0304 0.0318 -0.0423 0.0019
0.0318 -0.0423 0.0019 0.0251 -0.0099 -0.0312
0.0251 -0.0099 -0.0312 0.0419 -0.0029 0.0012
0.0419 -0.0029 0.0012 0.0226 0.0118 0.0350
0.0226 0.0118 0.0350 0.0308 -0.0120 0.0092
0.0308 -0.0120 0.0092 0.0318 -0.0423 0.0019
0.0318 -0.0423 0.0019 0.0185 -0.0609 -0.0047
0.0185 -0.0609 -0.0047 -0.0090 -0.0640 -0.0087
-0.0090 -0.0640 -0.0087 -0.0161 -0.0614 0.0221
-0.0161 -0.0614 0.0221 -0.0176 -0.0344 0.0390
-0.0176 -0.0344 0.0390 -0.0197 0.0283 0.0372
-0.0197 0.0283 0.0372 -0.0003 0.0517 0.0279
-0.0003 0.0517 0.0279 -0.0064 0.0653 -0.0121
-0.0064 0.0653 -0.0121 0.0161 0.0549 0.0128
0.0161 0.0549 0.0128 -0.0003 0.0517 0.0279
0.0161 0.0549 0.0128 0.0372 0.0340 0.0095
0.0372 0.0340 0.0095 0.0132 0.0327 0.0420
0.0132 0.0327 0.0420 -0.0039 -0.0238 0.0404
-0.0039 -0.0238 0.0404 0.0073 -0.0346 0.0671
0.0073 -0.0346 0.0671 -0.0067 -0.0344 0.0627
-0.0067 -0.0344 0.0627 -0.0039 -0.0238 0.0404
-0.0039 -0.0238 0.0404 0.0209 -0.0397 0.0646
0.0209 -0.0397 0.0646 0.0023 -0.0540 0.0669
0.0023 -0.0540 0.0669 -0.0054 -0.0466 0.0702
-0.0054 -0.0466 0.0702 -0.0148 -0.0575 0.0624
-0.0148 -0.0575 0.0624 -0.0161 -0.0614 0.0221
-0.0288 -0.0475 -0.0038 -0.0162 -0.0362 -0.0261
-0.0162 -0.0362 -0.0261 -0.0090 -0.0640 -0.0087
-0.0090 -0.0640 -0.0087 -0.0016 -0.0696 0.0296
-0.0016 -0.0696 0.0296 0.0185 -0.0609 -0.0047
0.0185 -0.0609 -0.0047 0.0261 -0.0560 0.0208
0.0261 -0.0560 0.0208 0.0318 -0.0423 0.0019
0.0318 -0.0423 0.0019 0.0168 -0.0260 0.0335
0.0168 -0.0260 0.0335 0.0226 0.0118 0.0350
0.0226 0.0118 0.0350 0.0132 0.0327 0.0420
0.0132 0.0327 0.0420 -0.0197 0.0283 0.0372
-0.0197 0.0283 0.0372 -0.0270 0.0504 0.0132
-0.0270 0.0504 0.0132 -0.0466 0.0119 0.0052
-0.0466 0.0119 0.0052 -0.0378 0.0386 -0.0207
-0.0378 0.0386 -0.0207 -0.0498 -0.0057 -0.0087
-0.0498 -0.0057 -0.0087 -0.0325 -0.0184 -0.0035
-0.0325 -0.0184 -0.0035 -0.0317 -0.0288 0.0199
-0.0317 -0.0288 0.0199 -0.0176 -0.0344 0.0390
-0.0176 -0.0344 0.0390 -0.0067 -0.0344 0.0627
-0.0067 -0.0344 0.0627 -0.0129 -0.0085 0.1020
-0.0129 -0.0085 0.1020 -0.0105 -0.0252 0.1097
-0.0105 -0.0252 0.1097 0.0023 -0.0540 0.0669
0.0023 -0.0540 0.0669 -0.0148 -0.0575 0.0624
-0.0148 -0.0575 0.0624 -0.0185 -0.0591 0.1122
-0.0185 -0.0591 0.1122 -0.0040 -0.0577 0.1089
-0.0040 -0.0577 0.1089 -0.0187 -0.0689 0.0933
-0.0187 -0.0689 0.0933 0.0023 -0.0540 0.0669
0.0023 -0.0540 0.0669 -0.0040 -0.0577 0.1089
-0.0040 -0.0577 0.1089 -0.0054 -0.0466 0.0702
-0.0148 -0.0575 0.0624 0.0131 -0.0675 0.0643
0.0131 -0.0675 0.0643 0.0023 -0.0540 0.0669
0.0023 -0.0540 0.0669 0.0073 -0.0346 0.0671
0.0073 -0.0346 0.0671 -0.0129 -0.0085 0.1020
-0.0129 -0.0085 0.1020 -0.0054 -0.0466 0.0702
-0.0054 -0.0466 0.0702 -0.0067 -0.0344 0.0627
-0.0067 -0.0344 0.0627 -0.0148 -0.0575 0.0624
-0.0148 -0.0575 0.0624 -0.0187 -0.0689 0.0933
-0.0187 -0.0689 0.0933 -0.0185 -0.0591 0.1122
-0.0185 -0.0591 0.1122 -0.0054 -0.0466 0.0702
-0.0054 -0.0466 0.0702 -0.0105 -0.0252 0.1097
-0.0105 -0.0252 0.1097 0.0073 -0.0346 0.0671
0.0073 -0.0346 0.0671 0.0209 -0.0397 0.0646
0.0209 -0.0397 0.0646 0.0131 -0.0675 0.0643
0.0131 -0.0675 0.0643 0.0381 -0.0610 0.0446
0.0381 -0.0610 0.0446 0.0300 -0.0701 0.0305
0.0300 -0.0701 0.0305 -0.0016 -0.0696 0.0296
-0.0016 -0.0696 0.0296 -0.0148 -0.0575 0.0624
-0.0148 -0.0575 0.0624 -0.0176 -0.0344 0.0390
-0.0176 -0.0344 0.0390 -0.0039 -0.0238 0.0404
-0.0039 -0.0238 0.0404 0.0168 -0.0260 0.0335
0.0168 -0.0260 0.0335 0.0308 -0.0120 0.0092
0.0308 -0.0120 0.0092 0.0251 -0.0099 -0.0312
0.0251 -0.0099 -0.0312 0.0330 0.0026 -0.0428
0.0330 0.0026 -0.0428 0.0425 0.0224 -0.0229
0.0425 0.0224 -0.0229 0.0156 0.0608 -0.0194
0.0156 0.0608 -0.0194 0.0161 0.0549 0.0128
0.0161 0.0549 0.0128 0.0132 0.0327 0.0420
0.0132 0.0327 0.0420 0.0168 -0.0260 0.0335
0.0168 -0.0260 0.0335 0.0390 -0.0489 0.0318
0.0390 -0.0489 0.0318 0.0209 -0.0397 0.0646
0.0209 -0.0397 0.0646 0.0381 -0.0610 0.0446
0.0381 -0.0610 0.0446 0.0390 -0.0489 0.0318
0.0390 -0.0489 0.0318 0.0300 -0.0701 0.0305
0.0300 -0.0701 0.0305 0.0131 -0.0675 0.0643
0.0131 -0.0675 0.0643 -0.0016 -0.0696 0.0296
-0.0016 -0.0696 0.0296 0.0261 -0.0560 0.0208
0.0261 -0.0560 0.0208 0.0390 -0.0489 0.0318
0.0300 -0.0701 0.0305 0.0261 -0.0560 0.0208
0.0261 -0.0560 0.0208 0.0168 -0.0260 0.0335
0.0168 -0.0260 0.0335 0.0209 -0.0397 0.0646
-0.0039 -0.0238 0.0404 -0.0197 0.0283 0.0372
-0.0197 0.0283 0.0372 -0.0359 -0.0051 0.0124
-0.0359 -0.0051 0.0124 -0.0498 -0.0057 -0.0087
-0.0498 -0.0057 -0.0087 -0.0369 0.0220 -0.0440
-0.0369 0.0220 -0.0440 -0.0322 -0.0093 -0.0326
-0.0322 -0.0093 -0.0326 -0.0395 -0.0203 -0.0435
-0.0369 0.0220 -0.0440 0.0029 0.0635 -0.0437
0.0029 0.0635 -0.0437 -0.0108 0.0727 -0.0283
-0.0108 0.0727 -0.0283 -0.0206 0.0463 -0.0386
-0.0206 0.0463 -0.0386 -0.0378 0.0386 -0.0207
-0.0378 0.0386 -0.0207 -0.0270 0.0504 0.0132
-0.0270 0.0504 0.0132 -0.0003 0.0517 0.0279
-0.0003 0.0517 0.0279 0.0132 0.0327 0.0420
0.0132 0.0327 0.0420 0.0419 -0.0029 0.0012
0.0419 -0.0029 0.0012 0.0372 0.0340 0.0095